100
10
80
20
9
11
21
23
29
35
39
46
47
57
59
65
67
75
85
88
91
92
93
95
12
4
13
32
42
50
61
70
71
81
84
94
99
1 2 50 54
1 3 39 60
1 4 40 58
1 5 44 99
1 6 21 74
1 7 34 53
1 8 21 53
1 9 50 99
1 10 50 46
1 11 50 41
1 12 21 79
1 13 39 50
1 14 49 52
1 15 38 41
1 16 26 98
1 17 17 31
1 18 17 43
1 19 23 24
1 20 26 88
1 21 17 23
1 22 50 89
1 23 10 58
1 24 22 92
1 25 31 93
1 26 39 76
1 27 47 72
1 28 10 93
1 29 39 84
1 30 50 21
1 31 38 72
1 32 18 60
1 33 44 78
1 34 30 79
1 35 13 37
1 36 46 99
1 37 41 60
1 38 33 54
1 39 12 86
1 40 30 90
1 41 22 43
1 42 30 67
1 43 45 70
1 44 21 99
1 45 46 23
1 46 16 79
1 47 14 89
1 48 13 67
1 49 44 62
1 50 32 87
1 51 13 70
1 52 11 39
1 53 50 37
1 54 27 64
1 55 36 21
1 56 42 74
1 57 37 98
1 58 10 50
1 59 31 70
1 60 39 39
1 61 32 50
1 62 49 47
1 63 21 73
1 64 43 37
1 65 32 86
1 66 34 78
1 67 13 88
1 68 40 67
1 69 14 61
1 70 21 73
1 71 26 41
1 72 32 22
1 73 41 21
1 74 31 44
1 75 38 60
1 76 38 22
1 77 24 88
1 78 12 38
1 79 19 60
1 80 13 79
1 81 20 39
1 82 41 65
1 83 40 78
1 84 30 56
1 85 42 99
1 86 37 21
1 87 35 98
1 88 23 51
1 89 17 34
1 90 39 24
1 91 30 68
1 92 14 58
1 93 32 52
1 94 30 33
1 95 48 85
1 96 34 48
1 97 39 33
1 98 49 32
1 99 32 20
1 100 18 72
2 3 12 88
2 4 37 67
2 5 34 81
2 6 19 52
2 7 21 97
2 8 12 25
2 9 19 84
2 10 38 82
2 11 31 64
2 12 22 22
2 13 34 87
2 14 47 100
2 15 11 63
2 16 35 47
2 17 35 60
2 18 44 23
2 19 40 63
2 20 34 73
2 21 29 87
2 22 46 83
2 23 23 22
2 24 38 42
2 25 11 21
2 26 43 36
2 27 39 100
2 28 45 88
2 29 46 59
2 30 32 60
2 31 42 79
2 32 18 69
2 33 18 50
2 34 44 23
2 35 23 48
2 36 34 78
2 37 12 38
2 38 19 63
2 39 44 91
2 40 18 56
2 41 36 74
2 42 30 46
2 43 16 47
2 44 17 24
2 45 48 81
2 46 15 48
2 47 43 79
2 48 47 98
2 49 12 33
2 50 34 82
2 51 20 30
2 52 22 96
2 53 45 55
2 54 17 40
2 55 48 55
2 56 10 78
2 57 27 76
2 58 24 46
2 59 16 87
2 60 17 44
2 61 15 65
2 62 24 84
2 63 35 68
2 64 22 55
2 65 18 57
2 66 16 91
2 67 11 36
2 68 49 60
2 69 24 45
2 70 25 87
2 71 39 63
2 72 26 94
2 73 38 84
2 74 19 80
2 75 38 30
2 76 43 46
2 77 29 93
2 78 41 68
2 79 50 46
2 80 14 85
2 81 32 40
2 82 24 96
2 83 13 71
2 84 26 76
2 85 22 98
2 86 30 86
2 87 40 37
2 88 20 22
2 89 34 65
2 90 24 79
2 91 14 70
2 92 35 37
2 93 36 57
2 94 40 81
2 95 35 97
2 96 17 23
2 97 26 82
2 98 48 98
2 99 48 25
2 100 16 89
3 4 28 92
3 5 50 80
3 6 48 39
3 7 16 23
3 8 25 45
3 9 16 30
3 10 39 49
3 11 25 25
3 12 12 26
3 13 31 94
3 14 11 86
3 15 33 79
3 16 37 89
3 17 18 39
3 18 18 94
3 19 20 88
3 20 36 51
3 21 39 95
3 22 47 55
3 23 34 89
3 24 16 24
3 25 10 47
3 26 33 61
3 27 46 31
3 28 11 64
3 29 30 28
3 30 30 50
3 31 48 50
3 32 15 54
3 33 37 81
3 34 18 86
3 35 35 97
3 36 23 55
3 37 26 30
3 38 46 31
3 39 48 96
3 40 49 59
3 41 21 20
3 42 37 99
3 43 40 36
3 44 35 28
3 45 26 97
3 46 41 68
3 47 36 28
3 48 27 51
3 49 10 39
3 50 39 83
3 51 28 58
3 52 23 57
3 53 19 47
3 54 45 57
3 55 15 37
3 56 50 33
3 57 36 22
3 58 10 38
3 59 47 63
3 60 28 91
3 61 31 21
3 62 43 62
3 63 12 58
3 64 48 59
3 65 24 85
3 66 26 62
3 67 35 32
3 68 26 41
3 69 41 87
3 70 25 22
3 71 35 30
3 72 32 45
3 73 30 27
3 74 46 54
3 75 19 97
3 76 50 79
3 77 24 66
3 78 18 53
3 79 24 92
3 80 13 42
3 81 39 43
3 82 31 97
3 83 36 26
3 84 36 56
3 85 33 87
3 86 42 44
3 87 13 22
3 88 41 93
3 89 17 44
3 90 43 49
3 91 19 66
3 92 50 24
3 93 47 99
3 94 43 85
3 95 25 87
3 96 38 91
3 97 29 58
3 98 23 26
3 99 43 26
3 100 24 36
4 5 26 46
4 6 46 80
4 7 20 57
4 8 29 39
4 9 11 32
4 10 16 22
4 11 37 61
4 12 21 24
4 13 44 21
4 14 28 63
4 15 34 75
4 16 19 70
4 17 34 33
4 18 42 24
4 19 18 56
4 20 45 42
4 21 47 53
4 22 48 83
4 23 25 89
4 24 33 71
4 25 46 63
4 26 20 78
4 27 16 44
4 28 34 97
4 29 24 23
4 30 46 27
4 31 44 70
4 32 37 26
4 33 35 63
4 34 19 81
4 35 14 57
4 36 33 48
4 37 13 93
4 38 18 52
4 39 13 92
4 40 17 94
4 41 47 49
4 42 33 20
4 43 35 76
4 44 44 24
4 45 43 73
4 46 27 72
4 47 14 99
4 48 32 40
4 49 46 38
4 50 24 44
4 51 42 92
4 52 16 97
4 53 31 84
4 54 19 48
4 55 18 24
4 56 47 47
4 57 27 73
4 58 44 100
4 59 29 20
4 60 24 91
4 61 46 35
4 62 45 31
4 63 12 35
4 64 39 21
4 65 27 58
4 66 34 63
4 67 32 99
4 68 41 32
4 69 39 49
4 70 34 20
4 71 43 80
4 72 37 42
4 73 13 47
4 74 19 31
4 75 25 85
4 76 21 57
4 77 13 20
4 78 16 87
4 79 39 36
4 80 18 93
4 81 49 57
4 82 38 91
4 83 17 95
4 84 47 58
4 85 27 78
4 86 23 21
4 87 27 27
4 88 50 69
4 89 46 60
4 90 22 48
4 91 21 59
4 92 38 89
4 93 37 50
4 94 25 24
4 95 26 74
4 96 14 53
4 97 40 78
4 98 39 26
4 99 45 81
4 100 38 31
5 6 36 99
5 7 45 78
5 8 44 92
5 9 40 65
5 10 13 40
5 11 15 98
5 12 17 55
5 13 49 89
5 14 10 93
5 15 29 48
5 16 41 97
5 17 30 41
5 18 18 97
5 19 44 55
5 20 27 42
5 21 34 69
5 22 24 48
5 23 40 74
5 24 27 83
5 25 32 80
5 26 28 43
5 27 26 32
5 28 40 95
5 29 21 76
5 30 43 89
5 31 26 26
5 32 41 53
5 33 16 97
5 34 28 98
5 35 21 63
5 36 23 85
5 37 23 98
5 38 31 55
5 39 24 33
5 40 30 38
5 41 32 73
5 42 43 81
5 43 44 75
5 44 44 57
5 45 24 75
5 46 29 54
5 47 48 43
5 48 27 100
5 49 11 69
5 50 15 73
5 51 26 50
5 52 50 87
5 53 21 44
5 54 44 33
5 55 32 81
5 56 48 73
5 57 21 89
5 58 38 57
5 59 14 56
5 60 42 43
5 61 40 42
5 62 18 93
5 63 16 38
5 64 34 20
5 65 42 75
5 66 50 54
5 67 50 37
5 68 27 100
5 69 25 73
5 70 32 59
5 71 25 38
5 72 47 87
5 73 35 71
5 74 45 72
5 75 36 24
5 76 41 28
5 77 43 26
5 78 16 76
5 79 24 100
5 80 14 85
5 81 37 84
5 82 16 43
5 83 10 51
5 84 45 58
5 85 23 70
5 86 13 64
5 87 16 84
5 88 25 72
5 89 14 26
5 90 33 95
5 91 15 46
5 92 35 58
5 93 25 65
5 94 39 97
5 95 37 39
5 96 40 94
5 97 32 24
5 98 30 58
5 99 34 77
5 100 28 43
6 7 35 27
6 8 15 52
6 9 28 45
6 10 40 51
6 11 34 41
6 12 47 95
6 13 24 58
6 14 49 96
6 15 24 79
6 16 11 36
6 17 31 35
6 18 40 54
6 19 40 95
6 20 35 45
6 21 17 39
6 22 22 91
6 23 43 63
6 24 37 57
6 25 36 60
6 26 40 73
6 27 49 34
6 28 11 94
6 29 26 36
6 30 40 86
6 31 40 95
6 32 49 81
6 33 19 62
6 34 11 59
6 35 31 20
6 36 26 56
6 37 16 42
6 38 30 82
6 39 10 98
6 40 31 30
6 41 49 32
6 42 47 88
6 43 18 52
6 44 24 66
6 45 35 88
6 46 23 88
6 47 20 43
6 48 37 85
6 49 13 26
6 50 39 27
6 51 38 54
6 52 36 62
6 53 13 50
6 54 45 94
6 55 33 95
6 56 14 50
6 57 26 73
6 58 43 64
6 59 26 69
6 60 32 22
6 61 30 31
6 62 27 85
6 63 32 48
6 64 10 50
6 65 34 92
6 66 46 91
6 67 29 100
6 68 46 40
6 69 43 55
6 70 10 33
6 71 46 44
6 72 23 76
6 73 35 77
6 74 16 39
6 75 47 87
6 76 41 29
6 77 49 42
6 78 17 56
6 79 36 39
6 80 18 88
6 81 38 89
6 82 12 36
6 83 43 78
6 84 12 66
6 85 22 92
6 86 28 20
6 87 50 39
6 88 41 68
6 89 22 43
6 90 44 90
6 91 39 77
6 92 14 22
6 93 12 46
6 94 35 61
6 95 20 71
6 96 13 97
6 97 32 94
6 98 17 43
6 99 19 95
6 100 46 84
7 8 13 75
7 9 20 24
7 10 48 40
7 11 43 39
7 12 24 45
7 13 28 61
7 14 47 85
7 15 42 43
7 16 33 68
7 17 27 91
7 18 29 68
7 19 18 28
7 20 49 79
7 21 47 68
7 22 28 64
7 23 23 57
7 24 10 33
7 25 38 83
7 26 26 23
7 27 22 65
7 28 40 64
7 29 30 31
7 30 11 22
7 31 24 49
7 32 41 36
7 33 26 51
7 34 22 55
7 35 46 39
7 36 10 26
7 37 48 34
7 38 17 21
7 39 35 31
7 40 30 74
7 41 16 49
7 42 24 55
7 43 31 71
7 44 20 95
7 45 37 93
7 46 38 83
7 47 30 44
7 48 13 94
7 49 43 44
7 50 30 71
7 51 20 53
7 52 43 60
7 53 22 59
7 54 14 46
7 55 18 24
7 56 25 89
7 57 36 82
7 58 16 61
7 59 11 60
7 60 44 35
7 61 22 71
7 62 36 24
7 63 21 52
7 64 21 96
7 65 30 21
7 66 23 84
7 67 28 70
7 68 24 61
7 69 19 81
7 70 12 66
7 71 24 99
7 72 23 69
7 73 46 77
7 74 11 42
7 75 16 93
7 76 32 36
7 77 35 27
7 78 47 58
7 79 39 45
7 80 41 44
7 81 20 86
7 82 27 36
7 83 22 97
7 84 26 95
7 85 34 30
7 86 46 29
7 87 11 53
7 88 50 31
7 89 35 65
7 90 26 96
7 91 26 50
7 92 36 38
7 93 33 93
7 94 43 62
7 95 29 63
7 96 41 34
7 97 18 30
7 98 15 63
7 99 23 31
7 100 30 46
8 9 20 97
8 10 25 22
8 11 36 98
8 12 39 45
8 13 12 99
8 14 49 77
8 15 42 22
8 16 48 36
8 17 34 27
8 18 17 41
8 19 14 57
8 20 38 38
8 21 45 63
8 22 10 38
8 23 19 51
8 24 10 59
8 25 33 46
8 26 43 40
8 27 30 86
8 28 26 46
8 29 40 69
8 30 33 40
8 31 20 30
8 32 50 76
8 33 23 54
8 34 18 74
8 35 26 96
8 36 12 77
8 37 35 42
8 38 34 49
8 39 24 54
8 40 30 38
8 41 13 84
8 42 31 100
8 43 12 42
8 44 18 86
8 45 21 88
8 46 30 23
8 47 42 48
8 48 13 87
8 49 19 21
8 50 31 45
8 51 26 55
8 52 16 23
8 53 43 69
8 54 18 64
8 55 14 58
8 56 44 92
8 57 44 76
8 58 37 84
8 59 32 56
8 60 31 58
8 61 44 86
8 62 37 90
8 63 46 33
8 64 32 59
8 65 38 47
8 66 26 44
8 67 40 46
8 68 25 25
8 69 41 28
8 70 26 25
8 71 37 37
8 72 40 70
8 73 36 56
8 74 12 76
8 75 48 61
8 76 39 83
8 77 33 75
8 78 13 42
8 79 23 77
8 80 34 69
8 81 31 29
8 82 15 71
8 83 41 100
8 84 43 37
8 85 30 47
8 86 34 71
8 87 20 57
8 88 10 39
8 89 34 71
8 90 22 47
8 91 32 99
8 92 47 25
8 93 29 75
8 94 35 46
8 95 43 56
8 96 38 55
8 97 11 68
8 98 13 47
8 99 41 34
8 100 14 22
9 10 37 64
9 11 16 91
9 12 14 72
9 13 29 36
9 14 41 94
9 15 17 83
9 16 50 25
9 17 49 90
9 18 13 58
9 19 34 97
9 20 37 58
9 21 15 44
9 22 29 79
9 23 11 45
9 24 34 69
9 25 15 56
9 26 19 70
9 27 46 30
9 28 16 75
9 29 47 57
9 30 19 55
9 31 42 75
9 32 32 74
9 33 17 89
9 34 12 92
9 35 28 69
9 36 26 53
9 37 47 70
9 38 16 99
9 39 49 61
9 40 16 32
9 41 40 48
9 42 35 46
9 43 21 64
9 44 29 63
9 45 42 22
9 46 38 29
9 47 36 85
9 48 35 41
9 49 26 41
9 50 14 24
9 51 40 74
9 52 29 63
9 53 10 74
9 54 42 79
9 55 26 42
9 56 36 98
9 57 37 45
9 58 44 54
9 59 16 69
9 60 17 94
9 61 40 46
9 62 26 58
9 63 18 71
9 64 36 20
9 65 17 46
9 66 16 65
9 67 28 52
9 68 43 48
9 69 38 58
9 70 16 63
9 71 38 77
9 72 16 37
9 73 46 75
9 74 24 48
9 75 12 25
9 76 36 22
9 77 22 72
9 78 40 79
9 79 34 47
9 80 14 26
9 81 31 97
9 82 40 42
9 83 30 99
9 84 46 95
9 85 46 79
9 86 46 98
9 87 33 97
9 88 32 79
9 89 45 69
9 90 13 71
9 91 20 98
9 92 26 59
9 93 25 88
9 94 50 38
9 95 40 79
9 96 21 77
9 97 18 57
9 98 13 75
9 99 25 23
9 100 12 51
10 11 11 85
10 12 30 26
10 13 39 96
10 14 35 30
10 15 45 43
10 16 50 75
10 17 20 20
10 18 49 66
10 19 33 62
10 20 13 25
10 21 32 86
10 22 33 80
10 23 50 43
10 24 22 36
10 25 25 72
10 26 16 42
10 27 38 81
10 28 13 51
10 29 37 24
10 30 28 91
10 31 47 29
10 32 33 55
10 33 50 81
10 34 41 82
10 35 34 39
10 36 40 77
10 37 34 78
10 38 12 26
10 39 49 27
10 40 14 43
10 41 43 35
10 42 45 54
10 43 27 97
10 44 33 84
10 45 17 98
10 46 24 92
10 47 44 55
10 48 14 30
10 49 46 39
10 50 12 32
10 51 25 97
10 52 41 56
10 53 46 46
10 54 12 75
10 55 29 25
10 56 39 62
10 57 32 29
10 58 18 53
10 59 23 64
10 60 49 58
10 61 38 44
10 62 39 28
10 63 10 91
10 64 27 40
10 65 48 91
10 66 37 43
10 67 12 76
10 68 49 78
10 69 46 98
10 70 24 58
10 71 48 21
10 72 17 39
10 73 18 70
10 74 49 68
10 75 40 49
10 76 16 73
10 77 16 47
10 78 10 21
10 79 33 27
10 80 14 48
10 81 48 97
10 82 10 78
10 83 30 79
10 84 44 87
10 85 34 59
10 86 20 47
10 87 22 81
10 88 36 50
10 89 18 37
10 90 23 33
10 91 16 39
10 92 41 79
10 93 48 62
10 94 42 43
10 95 40 53
10 96 13 100
10 97 32 41
10 98 23 66
10 99 40 79
10 100 12 54
11 12 10 68
11 13 21 42
11 14 42 80
11 15 39 76
11 16 10 86
11 17 40 61
11 18 47 90
11 19 26 37
11 20 47 26
11 21 41 89
11 22 20 66
11 23 45 99
11 24 23 84
11 25 12 34
11 26 39 97
11 27 24 79
11 28 48 39
11 29 10 35
11 30 40 74
11 31 16 69
11 32 46 91
11 33 23 68
11 34 30 47
11 35 42 52
11 36 48 100
11 37 15 67
11 38 44 80
11 39 38 57
11 40 44 48
11 41 49 31
11 42 30 73
11 43 45 21
11 44 40 83
11 45 33 78
11 46 16 23
11 47 14 54
11 48 20 25
11 49 25 52
11 50 19 69
11 51 11 97
11 52 16 80
11 53 46 77
11 54 19 78
11 55 18 25
11 56 36 43
11 57 27 66
11 58 23 69
11 59 47 45
11 60 30 63
11 61 21 40
11 62 16 26
11 63 16 37
11 64 40 32
11 65 37 57
11 66 44 52
11 67 35 26
11 68 18 91
11 69 18 69
11 70 24 45
11 71 28 45
11 72 13 38
11 73 28 89
11 74 43 69
11 75 46 34
11 76 45 56
11 77 33 21
11 78 36 62
11 79 30 21
11 80 32 71
11 81 27 60
11 82 21 92
11 83 28 97
11 84 15 74
11 85 37 31
11 86 32 66
11 87 27 70
11 88 20 73
11 89 43 30
11 90 48 73
11 91 27 74
11 92 49 62
11 93 10 53
11 94 46 72
11 95 45 37
11 96 23 51
11 97 25 56
11 98 44 39
11 99 17 91
11 100 30 67
12 13 33 88
12 14 49 20
12 15 19 53
12 16 30 47
12 17 23 31
12 18 26 38
12 19 14 78
12 20 13 48
12 21 44 53
12 22 40 44
12 23 39 80
12 24 39 42
12 25 28 95
12 26 40 91
12 27 23 80
12 28 34 60
12 29 19 100
12 30 43 21
12 31 32 32
12 32 27 82
12 33 31 90
12 34 30 24
12 35 28 69
12 36 12 95
12 37 14 73
12 38 49 32
12 39 46 68
12 40 45 26
12 41 43 67
12 42 45 73
12 43 16 60
12 44 18 32
12 45 17 29
12 46 20 96
12 47 17 89
12 48 34 51
12 49 19 76
12 50 23 83
12 51 29 64
12 52 32 50
12 53 40 23
12 54 31 66
12 55 22 24
12 56 11 20
12 57 28 72
12 58 37 26
12 59 34 84
12 60 47 96
12 61 17 80
12 62 50 88
12 63 34 71
12 64 14 68
12 65 45 45
12 66 40 98
12 67 35 98
12 68 22 65
12 69 22 88
12 70 37 68
12 71 21 45
12 72 15 54
12 73 23 62
12 74 42 43
12 75 37 53
12 76 32 96
12 77 18 36
12 78 20 77
12 79 42 64
12 80 20 70
12 81 19 42
12 82 36 67
12 83 26 54
12 84 20 49
12 85 29 78
12 86 31 93
12 87 46 88
12 88 20 35
12 89 28 98
12 90 26 69
12 91 24 56
12 92 30 98
12 93 20 22
12 94 44 69
12 95 34 91
12 96 43 35
12 97 42 30
12 98 39 41
12 99 21 56
12 100 40 78
13 14 13 56
13 15 20 35
13 16 12 68
13 17 28 31
13 18 25 85
13 19 40 59
13 20 28 62
13 21 28 70
13 22 35 25
13 23 44 55
13 24 44 30
13 25 10 34
13 26 20 35
13 27 16 30
13 28 42 81
13 29 29 42
13 30 38 33
13 31 15 94
13 32 19 51
13 33 22 37
13 34 10 99
13 35 16 93
13 36 44 99
13 37 29 65
13 38 44 36
13 39 14 60
13 40 13 100
13 41 48 76
13 42 22 74
13 43 47 70
13 44 25 23
13 45 19 54
13 46 19 83
13 47 47 56
13 48 22 70
13 49 50 45
13 50 47 69
13 51 49 41
13 52 26 54
13 53 15 72
13 54 40 48
13 55 12 55
13 56 10 68
13 57 25 99
13 58 13 79
13 59 28 36
13 60 25 52
13 61 16 66
13 62 36 26
13 63 43 27
13 64 41 80
13 65 12 56
13 66 17 75
13 67 21 92
13 68 46 95
13 69 39 54
13 70 38 43
13 71 26 85
13 72 24 99
13 73 42 24
13 74 13 29
13 75 35 34
13 76 39 59
13 77 29 51
13 78 42 89
13 79 16 27
13 80 47 70
13 81 39 98
13 82 34 58
13 83 13 95
13 84 22 63
13 85 27 41
13 86 35 81
13 87 22 40
13 88 22 22
13 89 29 30
13 90 13 30
13 91 37 49
13 92 32 41
13 93 13 51
13 94 37 49
13 95 31 48
13 96 50 30
13 97 31 79
13 98 28 28
13 99 20 55
13 100 32 72
14 15 10 35
14 16 15 45
14 17 35 20
14 18 10 82
14 19 39 26
14 20 33 69
14 21 19 72
14 22 15 72
14 23 33 49
14 24 44 32
14 25 23 33
14 26 39 67
14 27 15 94
14 28 28 88
14 29 21 54
14 30 47 72
14 31 30 37
14 32 15 66
14 33 13 59
14 34 15 68
14 35 26 30
14 36 35 87
14 37 37 60
14 38 26 51
14 39 39 25
14 40 22 90
14 41 37 92
14 42 38 31
14 43 37 52
14 44 16 89
14 45 33 93
14 46 48 81
14 47 41 85
14 48 10 86
14 49 25 47
14 50 27 43
14 51 25 65
14 52 36 92
14 53 29 52
14 54 29 47
14 55 39 51
14 56 41 73
14 57 15 100
14 58 47 86
14 59 15 37
14 60 50 45
14 61 16 38
14 62 25 54
14 63 44 70
14 64 49 99
14 65 41 98
14 66 19 40
14 67 47 72
14 68 41 95
14 69 39 77
14 70 25 95
14 71 11 62
14 72 36 67
14 73 18 66
14 74 23 86
14 75 37 33
14 76 15 63
14 77 20 40
14 78 19 49
14 79 46 38
14 80 18 81
14 81 18 66
14 82 21 28
14 83 28 62
14 84 22 75
14 85 16 60
14 86 49 80
14 87 41 43
14 88 18 68
14 89 16 37
14 90 33 36
14 91 48 28
14 92 41 61
14 93 46 90
14 94 42 80
14 95 45 37
14 96 49 44
14 97 33 87
14 98 47 78
14 99 50 81
14 100 10 87
15 16 36 38
15 17 28 33
15 18 30 21
15 19 40 67
15 20 13 96
15 21 19 83
15 22 23 78
15 23 42 69
15 24 15 22
15 25 30 82
15 26 15 95
15 27 22 86
15 28 29 82
15 29 39 46
15 30 48 79
15 31 27 41
15 32 28 29
15 33 31 91
15 34 36 77
15 35 50 36
15 36 30 57
15 37 37 28
15 38 35 60
15 39 15 87
15 40 39 26
15 41 29 69
15 42 36 93
15 43 43 64
15 44 34 34
15 45 21 98
15 46 13 82
15 47 41 49
15 48 23 31
15 49 49 50
15 50 22 69
15 51 10 93
15 52 42 83
15 53 50 31
15 54 14 77
15 55 39 49
15 56 48 43
15 57 33 40
15 58 10 32
15 59 16 88
15 60 10 62
15 61 25 35
15 62 14 67
15 63 33 39
15 64 28 70
15 65 35 70
15 66 47 55
15 67 18 38
15 68 11 98
15 69 21 99
15 70 18 24
15 71 49 79
15 72 44 50
15 73 26 74
15 74 35 26
15 75 16 50
15 76 23 67
15 77 19 20
15 78 45 22
15 79 12 50
15 80 48 60
15 81 40 80
15 82 43 84
15 83 18 56
15 84 23 43
15 85 42 89
15 86 25 78
15 87 18 98
15 88 16 27
15 89 42 31
15 90 25 68
15 91 33 45
15 92 27 86
15 93 48 64
15 94 37 45
15 95 17 35
15 96 20 99
15 97 46 80
15 98 49 79
15 99 34 51
15 100 34 63
16 17 23 43
16 18 12 23
16 19 25 67
16 20 19 91
16 21 17 71
16 22 21 54
16 23 24 95
16 24 10 46
16 25 38 63
16 26 32 30
16 27 30 81
16 28 38 56
16 29 10 79
16 30 40 93
16 31 32 49
16 32 15 97
16 33 13 68
16 34 42 38
16 35 13 41
16 36 27 44
16 37 18 22
16 38 15 33
16 39 39 74
16 40 37 38
16 41 32 33
16 42 22 97
16 43 19 77
16 44 17 87
16 45 37 29
16 46 28 98
16 47 12 26
16 48 29 31
16 49 48 89
16 50 41 23
16 51 45 100
16 52 49 71
16 53 23 75
16 54 15 46
16 55 34 51
16 56 46 56
16 57 15 94
16 58 35 63
16 59 33 21
16 60 17 64
16 61 13 78
16 62 46 58
16 63 22 50
16 64 15 38
16 65 35 79
16 66 49 43
16 67 21 28
16 68 35 42
16 69 41 26
16 70 46 88
16 71 32 24
16 72 47 87
16 73 17 59
16 74 15 41
16 75 19 37
16 76 50 65
16 77 16 96
16 78 33 91
16 79 18 75
16 80 34 35
16 81 43 37
16 82 39 49
16 83 41 91
16 84 22 92
16 85 37 41
16 86 28 53
16 87 32 74
16 88 49 44
16 89 32 80
16 90 35 64
16 91 19 51
16 92 29 99
16 93 45 52
16 94 34 25
16 95 24 100
16 96 20 46
16 97 26 32
16 98 14 39
16 99 15 33
16 100 50 56
17 18 25 69
17 19 43 63
17 20 10 63
17 21 24 97
17 22 14 50
17 23 35 20
17 24 32 42
17 25 15 94
17 26 42 74
17 27 36 93
17 28 50 85
17 29 22 28
17 30 33 39
17 31 38 100
17 32 41 45
17 33 47 88
17 34 24 62
17 35 37 26
17 36 39 27
17 37 50 32
17 38 38 94
17 39 13 40
17 40 35 37
17 41 11 66
17 42 43 46
17 43 48 31
17 44 39 98
17 45 16 86
17 46 32 37
17 47 41 56
17 48 19 48
17 49 44 41
17 50 12 90
17 51 47 82
17 52 34 29
17 53 15 66
17 54 28 43
17 55 10 52
17 56 39 84
17 57 39 80
17 58 48 96
17 59 49 90
17 60 36 75
17 61 34 33
17 62 40 23
17 63 43 21
17 64 16 52
17 65 11 86
17 66 14 95
17 67 26 76
17 68 49 31
17 69 32 84
17 70 49 81
17 71 24 34
17 72 34 35
17 73 26 92
17 74 45 95
17 75 38 31
17 76 46 57
17 77 50 82
17 78 26 29
17 79 41 34
17 80 24 83
17 81 27 77
17 82 25 97
17 83 20 69
17 84 24 67
17 85 23 30
17 86 40 33
17 87 43 51
17 88 19 64
17 89 12 67
17 90 33 30
17 91 35 57
17 92 40 82
17 93 24 47
17 94 22 53
17 95 24 32
17 96 18 74
17 97 13 23
17 98 13 81
17 99 41 83
17 100 34 33
18 19 41 48
18 20 44 47
18 21 22 92
18 22 19 71
18 23 40 23
18 24 22 50
18 25 41 81
18 26 39 29
18 27 36 41
18 28 50 38
18 29 21 22
18 30 35 36
18 31 12 99
18 32 35 81
18 33 21 94
18 34 40 69
18 35 28 58
18 36 34 84
18 37 41 26
18 38 15 36
18 39 15 56
18 40 38 40
18 41 42 66
18 42 25 48
18 43 12 61
18 44 31 80
18 45 21 99
18 46 37 41
18 47 32 96
18 48 32 76
18 49 11 28
18 50 33 61
18 51 29 31
18 52 13 34
18 53 22 64
18 54 40 41
18 55 26 86
18 56 46 30
18 57 15 67
18 58 20 42
18 59 22 82
18 60 29 22
18 61 26 37
18 62 36 32
18 63 15 46
18 64 33 79
18 65 19 54
18 66 45 55
18 67 33 27
18 68 10 30
18 69 16 40
18 70 17 96
18 71 50 82
18 72 45 67
18 73 41 57
18 74 31 72
18 75 32 41
18 76 26 76
18 77 13 75
18 78 34 73
18 79 38 28
18 80 28 80
18 81 16 20
18 82 30 54
18 83 10 27
18 84 33 85
18 85 13 46
18 86 26 87
18 87 31 34
18 88 30 45
18 89 33 62
18 90 20 32
18 91 27 29
18 92 42 97
18 93 21 68
18 94 23 58
18 95 47 84
18 96 13 40
18 97 14 28
18 98 10 44
18 99 33 84
18 100 20 73
19 20 28 86
19 21 28 34
19 22 14 74
19 23 22 59
19 24 49 39
19 25 10 99
19 26 22 87
19 27 44 24
19 28 48 63
19 29 46 81
19 30 48 36
19 31 15 47
19 32 44 44
19 33 41 50
19 34 26 50
19 35 33 81
19 36 46 46
19 37 26 44
19 38 38 67
19 39 27 54
19 40 39 37
19 41 48 34
19 42 40 62
19 43 21 81
19 44 48 46
19 45 27 33
19 46 30 99
19 47 49 24
19 48 13 82
19 49 34 54
19 50 30 26
19 51 32 43
19 52 22 81
19 53 47 30
19 54 31 85
19 55 49 28
19 56 12 20
19 57 48 60
19 58 38 82
19 59 21 41
19 60 28 32
19 61 21 50
19 62 12 79
19 63 32 73
19 64 28 78
19 65 45 71
19 66 38 93
19 67 27 78
19 68 18 79
19 69 40 82
19 70 47 85
19 71 23 54
19 72 26 74
19 73 12 58
19 74 32 53
19 75 41 64
19 76 11 75
19 77 22 78
19 78 39 79
19 79 36 93
19 80 17 26
19 81 32 46
19 82 10 22
19 83 25 41
19 84 33 46
19 85 11 21
19 86 19 81
19 87 29 72
19 88 11 89
19 89 10 31
19 90 38 33
19 91 17 43
19 92 41 37
19 93 31 94
19 94 40 87
19 95 19 85
19 96 10 94
19 97 28 33
19 98 16 70
19 99 18 51
19 100 40 36
20 21 48 88
20 22 48 24
20 23 42 20
20 24 43 42
20 25 24 47
20 26 44 50
20 27 31 29
20 28 48 32
20 29 29 42
20 30 44 79
20 31 40 25
20 32 32 41
20 33 15 93
20 34 45 99
20 35 13 90
20 36 40 30
20 37 14 26
20 38 46 87
20 39 45 42
20 40 39 48
20 41 15 63
20 42 38 91
20 43 25 64
20 44 33 68
20 45 40 55
20 46 25 48
20 47 30 98
20 48 46 31
20 49 30 71
20 50 50 42
20 51 28 42
20 52 40 72
20 53 43 68
20 54 18 93
20 55 42 53
20 56 30 69
20 57 22 99
20 58 43 33
20 59 22 63
20 60 44 67
20 61 21 37
20 62 47 64
20 63 22 22
20 64 21 65
20 65 41 52
20 66 21 84
20 67 35 79
20 68 16 98
20 69 11 79
20 70 33 32
20 71 28 71
20 72 49 48
20 73 43 33
20 74 19 46
20 75 48 44
20 76 19 69
20 77 10 32
20 78 31 59
20 79 40 96
20 80 47 65
20 81 36 41
20 82 21 49
20 83 12 85
20 84 20 100
20 85 22 21
20 86 49 32
20 87 45 58
20 88 50 92
20 89 36 47
20 90 47 29
20 91 31 40
20 92 15 44
20 93 18 94
20 94 33 43
20 95 12 69
20 96 31 62
20 97 40 93
20 98 45 61
20 99 29 77
20 100 16 86
21 22 45 63
21 23 39 98
21 24 12 73
21 25 34 93
21 26 46 33
21 27 36 54
21 28 47 99
21 29 12 65
21 30 27 67
21 31 26 44
21 32 24 69
21 33 39 34
21 34 20 86
21 35 48 79
21 36 16 52
21 37 22 41
21 38 35 66
21 39 37 49
21 40 15 76
21 41 14 89
21 42 43 28
21 43 24 54
21 44 18 37
21 45 40 74
21 46 37 92
21 47 40 21
21 48 11 96
21 49 15 79
21 50 39 33
21 51 41 95
21 52 37 47
21 53 25 69
21 54 34 67
21 55 40 96
21 56 32 62
21 57 45 47
21 58 32 81
21 59 27 32
21 60 44 59
21 61 34 23
21 62 40 38
21 63 24 67
21 64 33 36
21 65 40 86
21 66 15 100
21 67 19 90
21 68 29 81
21 69 16 75
21 70 27 59
21 71 23 23
21 72 50 86
21 73 46 55
21 74 10 90
21 75 33 94
21 76 47 90
21 77 18 25
21 78 33 82
21 79 45 48
21 80 10 25
21 81 10 66
21 82 50 54
21 83 32 26
21 84 23 79
21 85 39 88
21 86 10 68
21 87 49 32
21 88 34 99
21 89 42 50
21 90 27 54
21 91 45 37
21 92 27 49
21 93 17 90
21 94 43 23
21 95 32 55
21 96 27 65
21 97 15 42
21 98 50 87
21 99 46 34
21 100 10 40
22 23 35 64
22 24 35 76
22 25 17 35
22 26 21 64
22 27 34 48
22 28 17 73
22 29 18 27
22 30 39 44
22 31 50 25
22 32 39 47
22 33 31 44
22 34 43 50
22 35 13 54
22 36 26 87
22 37 21 64
22 38 29 92
22 39 42 64
22 40 26 40
22 41 44 75
22 42 48 20
22 43 26 58
22 44 12 48
22 45 23 56
22 46 46 88
22 47 39 29
22 48 46 100
22 49 24 98
22 50 25 75
22 51 36 33
22 52 49 98
22 53 23 95
22 54 17 40
22 55 12 80
22 56 16 53
22 57 38 95
22 58 23 33
22 59 36 49
22 60 33 44
22 61 36 54
22 62 32 55
22 63 34 70
22 64 18 26
22 65 26 42
22 66 42 88
22 67 33 47
22 68 40 58
22 69 12 66
22 70 36 90
22 71 22 40
22 72 25 95
22 73 25 72
22 74 26 76
22 75 41 61
22 76 25 48
22 77 28 85
22 78 41 33
22 79 40 36
22 80 34 65
22 81 22 23
22 82 46 56
22 83 24 52
22 84 37 80
22 85 15 93
22 86 36 58
22 87 27 50
22 88 20 66
22 89 14 66
22 90 24 38
22 91 30 94
22 92 36 52
22 93 18 65
22 94 26 68
22 95 44 52
22 96 33 55
22 97 36 44
22 98 19 62
22 99 23 83
22 100 42 26
23 24 12 81
23 25 12 56
23 26 36 86
23 27 19 88
23 28 45 92
23 29 36 68
23 30 14 81
23 31 12 97
23 32 32 30
23 33 13 28
23 34 18 97
23 35 11 45
23 36 27 55
23 37 28 29
23 38 25 72
23 39 33 66
23 40 33 70
23 41 14 56
23 42 27 43
23 43 27 82
23 44 42 93
23 45 39 48
23 46 50 42
23 47 41 57
23 48 10 86
23 49 26 87
23 50 16 40
23 51 19 39
23 52 16 50
23 53 33 50
23 54 41 33
23 55 36 91
23 56 30 97
23 57 18 28
23 58 39 88
23 59 16 95
23 60 15 42
23 61 16 36
23 62 21 73
23 63 11 61
23 64 32 50
23 65 13 85
23 66 40 27
23 67 37 42
23 68 46 42
23 69 34 94
23 70 17 56
23 71 27 44
23 72 48 98
23 73 43 36
23 74 27 49
23 75 34 25
23 76 32 98
23 77 23 24
23 78 21 32
23 79 24 40
23 80 16 52
23 81 31 49
23 82 17 23
23 83 14 93
23 84 41 57
23 85 10 69
23 86 37 69
23 87 40 58
23 88 32 83
23 89 29 24
23 90 16 82
23 91 27 22
23 92 33 24
23 93 21 43
23 94 40 51
23 95 30 26
23 96 23 60
23 97 37 85
23 98 37 43
23 99 22 60
23 100 20 98
24 25 31 41
24 26 21 87
24 27 47 73
24 28 42 80
24 29 19 88
24 30 27 51
24 31 42 61
24 32 27 81
24 33 37 27
24 34 12 34
24 35 12 80
24 36 39 35
24 37 21 38
24 38 11 90
24 39 17 86
24 40 11 71
24 41 20 62
24 42 22 85
24 43 32 20
24 44 26 91
24 45 22 77
24 46 21 94
24 47 21 23
24 48 50 52
24 49 44 73
24 50 14 55
24 51 46 31
24 52 14 83
24 53 48 81
24 54 39 48
24 55 26 60
24 56 27 48
24 57 23 41
24 58 41 45
24 59 26 43
24 60 30 68
24 61 12 86
24 62 24 34
24 63 18 69
24 64 27 93
24 65 46 41
24 66 49 32
24 67 49 91
24 68 19 76
24 69 15 48
24 70 48 98
24 71 16 49
24 72 38 48
24 73 15 58
24 74 30 85
24 75 33 21
24 76 32 42
24 77 43 28
24 78 37 51
24 79 29 42
24 80 29 37
24 81 18 60
24 82 32 20
24 83 31 97
24 84 49 41
24 85 13 96
24 86 21 81
24 87 10 98
24 88 36 63
24 89 38 31
24 90 14 73
24 91 44 48
24 92 33 46
24 93 23 54
24 94 12 35
24 95 28 40
24 96 27 68
24 97 47 42
24 98 16 86
24 99 10 59
24 100 19 30
25 26 19 23
25 27 48 37
25 28 22 51
25 29 28 47
25 30 41 60
25 31 47 74
25 32 10 80
25 33 25 64
25 34 37 68
25 35 36 70
25 36 33 89
25 37 40 85
25 38 16 29
25 39 33 92
25 40 30 31
25 41 34 42
25 42 33 97
25 43 37 70
25 44 46 73
25 45 19 96
25 46 47 67
25 47 38 30
25 48 32 81
25 49 13 95
25 50 39 47
25 51 41 53
25 52 17 82
25 53 22 35
25 54 46 32
25 55 16 33
25 56 43 53
25 57 20 28
25 58 44 90
25 59 29 28
25 60 27 27
25 61 13 55
25 62 39 27
25 63 48 30
25 64 41 24
25 65 13 88
25 66 45 57
25 67 36 38
25 68 11 60
25 69 16 93
25 70 29 100
25 71 22 46
25 72 11 92
25 73 10 96
25 74 11 40
25 75 50 51
25 76 20 53
25 77 43 96
25 78 12 61
25 79 21 65
25 80 48 45
25 81 33 72
25 82 32 82
25 83 19 68
25 84 24 68
25 85 31 61
25 86 32 84
25 87 22 36
25 88 46 23
25 89 50 65
25 90 48 70
25 91 32 40
25 92 49 34
25 93 13 57
25 94 25 35
25 95 33 22
25 96 10 36
25 97 44 29
25 98 30 29
25 99 13 22
25 100 37 88
26 27 36 59
26 28 39 83
26 29 33 100
26 30 28 25
26 31 27 20
26 32 27 98
26 33 27 56
26 34 21 35
26 35 39 31
26 36 35 97
26 37 42 60
26 38 45 81
26 39 14 68
26 40 20 97
26 41 14 51
26 42 43 20
26 43 47 81
26 44 39 67
26 45 13 54
26 46 46 56
26 47 16 94
26 48 41 20
26 49 17 48
26 50 29 56
26 51 41 36
26 52 28 59
26 53 31 75
26 54 28 88
26 55 20 45
26 56 24 79
26 57 31 96
26 58 11 89
26 59 45 84
26 60 39 71
26 61 26 52
26 62 33 99
26 63 50 21
26 64 11 55
26 65 21 85
26 66 26 93
26 67 17 69
26 68 48 81
26 69 19 53
26 70 30 94
26 71 46 94
26 72 21 44
26 73 45 44
26 74 34 84
26 75 29 41
26 76 35 89
26 77 49 42
26 78 49 80
26 79 18 62
26 80 16 77
26 81 37 28
26 82 10 66
26 83 48 44
26 84 33 45
26 85 27 60
26 86 24 46
26 87 24 69
26 88 39 32
26 89 41 94
26 90 37 55
26 91 40 86
26 92 40 72
26 93 37 51
26 94 29 32
26 95 36 73
26 96 24 20
26 97 36 42
26 98 45 54
26 99 15 67
26 100 31 23
27 28 25 43
27 29 13 73
27 30 35 89
27 31 46 57
27 32 37 40
27 33 43 96
27 34 21 50
27 35 42 28
27 36 22 74
27 37 38 36
27 38 17 37
27 39 45 23
27 40 35 39
27 41 23 46
27 42 36 93
27 43 18 43
27 44 43 50
27 45 22 78
27 46 40 86
27 47 27 25
27 48 31 93
27 49 44 36
27 50 24 96
27 51 35 33
27 52 21 80
27 53 39 60
27 54 37 35
27 55 29 75
27 56 28 69
27 57 21 33
27 58 11 82
27 59 46 72
27 60 46 91
27 61 46 23
27 62 47 28
27 63 41 74
27 64 42 35
27 65 47 52
27 66 16 73
27 67 16 62
27 68 34 59
27 69 48 23
27 70 16 37
27 71 25 89
27 72 32 37
27 73 19 20
27 74 25 22
27 75 22 79
27 76 15 28
27 77 49 49
27 78 35 74
27 79 41 94
27 80 34 85
27 81 27 45
27 82 47 66
27 83 40 80
27 84 49 38
27 85 30 88
27 86 41 99
27 87 16 57
27 88 42 20
27 89 36 43
27 90 40 44
27 91 23 69
27 92 34 89
27 93 34 34
27 94 34 48
27 95 46 50
27 96 50 74
27 97 24 87
27 98 30 32
27 99 23 60
27 100 35 60
28 29 48 77
28 30 43 54
28 31 41 43
28 32 29 74
28 33 13 88
28 34 29 67
28 35 26 43
28 36 40 22
28 37 21 36
28 38 46 45
28 39 40 79
28 40 42 38
28 41 30 88
28 42 36 58
28 43 46 38
28 44 43 27
28 45 35 79
28 46 33 33
28 47 20 94
28 48 41 76
28 49 48 84
28 50 28 65
28 51 10 31
28 52 10 56
28 53 32 78
28 54 26 74
28 55 23 98
28 56 32 37
28 57 29 24
28 58 27 60
28 59 50 62
28 60 42 31
28 61 28 80
28 62 16 78
28 63 31 35
28 64 11 63
28 65 32 39
28 66 18 87
28 67 43 22
28 68 18 23
28 69 13 79
28 70 48 68
28 71 48 46
28 72 14 25
28 73 13 95
28 74 41 38
28 75 40 25
28 76 34 81
28 77 46 75
28 78 38 52
28 79 10 64
28 80 30 22
28 81 39 95
28 82 50 45
28 83 14 96
28 84 23 57
28 85 30 78
28 86 43 68
28 87 41 39
28 88 13 72
28 89 41 75
28 90 44 98
28 91 33 61
28 92 43 53
28 93 19 71
28 94 45 87
28 95 14 78
28 96 45 40
28 97 20 98
28 98 37 83
28 99 12 38
28 100 24 54
29 30 10 80
29 31 41 29
29 32 25 100
29 33 11 64
29 34 18 80
29 35 36 64
29 36 22 43
29 37 41 79
29 38 31 71
29 39 22 20
29 40 48 98
29 41 33 63
29 42 39 35
29 43 11 35
29 44 12 30
29 45 19 31
29 46 41 35
29 47 17 100
29 48 10 56
29 49 35 84
29 50 39 73
29 51 17 60
29 52 40 73
29 53 12 51
29 54 41 38
29 55 19 56
29 56 25 54
29 57 50 71
29 58 45 60
29 59 12 38
29 60 47 65
29 61 42 90
29 62 14 58
29 63 49 83
29 64 12 45
29 65 42 91
29 66 25 68
29 67 33 86
29 68 25 56
29 69 10 55
29 70 15 77
29 71 30 51
29 72 28 59
29 73 42 95
29 74 46 55
29 75 16 96
29 76 25 42
29 77 44 84
29 78 32 35
29 79 46 58
29 80 24 72
29 81 47 48
29 82 39 67
29 83 10 87
29 84 26 94
29 85 17 40
29 86 35 30
29 87 29 90
29 88 24 85
29 89 13 47
29 90 30 64
29 91 33 81
29 92 17 43
29 93 50 65
29 94 19 66
29 95 45 40
29 96 41 45
29 97 15 69
29 98 41 27
29 99 39 38
29 100 29 21
30 31 33 97
30 32 36 84
30 33 42 29
30 34 45 72
30 35 50 23
30 36 18 73
30 37 24 98
30 38 39 53
30 39 45 59
30 40 38 73
30 41 35 47
30 42 32 47
30 43 26 42
30 44 41 29
30 45 37 68
30 46 28 27
30 47 22 89
30 48 23 31
30 49 44 99
30 50 10 64
30 51 44 31
30 52 18 54
30 53 30 24
30 54 28 43
30 55 14 97
30 56 42 61
30 57 43 47
30 58 47 84
30 59 23 22
30 60 29 95
30 61 29 83
30 62 26 65
30 63 42 73
30 64 32 38
30 65 33 52
30 66 50 73
30 67 17 21
30 68 34 60
30 69 35 89
30 70 28 72
30 71 29 83
30 72 31 25
30 73 35 27
30 74 29 20
30 75 21 39
30 76 22 79
30 77 31 93
30 78 33 32
30 79 31 20
30 80 44 53
30 81 37 79
30 82 38 77
30 83 45 60
30 84 47 48
30 85 47 70
30 86 44 54
30 87 33 20
30 88 18 50
30 89 48 30
30 90 43 58
30 91 34 40
30 92 25 85
30 93 19 23
30 94 29 96
30 95 12 28
30 96 38 76
30 97 41 83
30 98 49 85
30 99 29 57
30 100 45 55
31 32 26 71
31 33 36 42
31 34 13 55
31 35 22 53
31 36 16 48
31 37 45 46
31 38 11 52
31 39 22 93
31 40 36 92
31 41 49 26
31 42 40 72
31 43 11 48
31 44 13 73
31 45 19 46
31 46 14 84
31 47 24 76
31 48 13 97
31 49 49 67
31 50 20 42
31 51 10 57
31 52 41 70
31 53 15 88
31 54 41 58
31 55 41 56
31 56 21 59
31 57 26 71
31 58 42 83
31 59 20 81
31 60 29 64
31 61 48 90
31 62 27 75
31 63 50 51
31 64 50 28
31 65 14 33
31 66 20 66
31 67 44 73
31 68 49 98
31 69 33 98
31 70 41 75
31 71 14 51
31 72 36 99
31 73 29 96
31 74 10 49
31 75 45 75
31 76 38 72
31 77 47 97
31 78 35 85
31 79 48 25
31 80 45 27
31 81 46 81
31 82 40 72
31 83 26 90
31 84 34 58
31 85 27 84
31 86 16 64
31 87 27 51
31 88 10 41
31 89 20 93
31 90 46 92
31 91 46 22
31 92 32 26
31 93 40 24
31 94 17 88
31 95 32 49
31 96 22 95
31 97 13 48
31 98 13 28
31 99 26 40
31 100 15 59
32 33 30 93
32 34 11 28
32 35 50 96
32 36 50 83
32 37 39 37
32 38 26 86
32 39 31 77
32 40 27 73
32 41 13 21
32 42 20 32
32 43 16 54
32 44 44 68
32 45 30 85
32 46 32 86
32 47 12 42
32 48 27 62
32 49 40 20
32 50 12 50
32 51 24 98
32 52 48 60
32 53 38 41
32 54 14 57
32 55 20 99
32 56 29 88
32 57 20 52
32 58 33 61
32 59 22 51
32 60 35 50
32 61 35 60
32 62 45 86
32 63 40 83
32 64 17 23
32 65 48 94
32 66 36 71
32 67 15 39
32 68 19 54
32 69 17 81
32 70 42 64
32 71 12 44
32 72 39 83
32 73 13 99
32 74 49 57
32 75 15 62
32 76 24 42
32 77 45 34
32 78 46 37
32 79 35 88
32 80 24 28
32 81 44 61
32 82 17 68
32 83 26 81
32 84 20 58
32 85 46 63
32 86 17 66
32 87 44 61
32 88 40 82
32 89 24 97
32 90 10 43
32 91 18 57
32 92 12 74
32 93 45 76
32 94 33 84
32 95 27 60
32 96 16 38
32 97 44 60
32 98 47 96
32 99 45 24
32 100 13 78
33 34 20 67
33 35 36 73
33 36 37 48
33 37 48 84
33 38 15 74
33 39 10 80
33 40 19 90
33 41 39 46
33 42 47 92
33 43 48 79
33 44 35 51
33 45 16 86
33 46 35 91
33 47 20 54
33 48 38 31
33 49 13 93
33 50 11 29
33 51 50 68
33 52 36 33
33 53 19 24
33 54 50 94
33 55 11 33
33 56 48 90
33 57 13 26
33 58 21 76
33 59 41 97
33 60 15 20
33 61 29 31
33 62 46 67
33 63 50 72
33 64 23 56
33 65 44 57
33 66 27 66
33 67 18 88
33 68 32 41
33 69 22 24
33 70 23 72
33 71 16 64
33 72 31 26
33 73 16 39
33 74 28 95
33 75 39 37
33 76 28 62
33 77 41 72
33 78 23 91
33 79 25 50
33 80 47 70
33 81 18 91
33 82 26 73
33 83 50 89
33 84 23 90
33 85 41 36
33 86 30 42
33 87 40 30
33 88 46 90
33 89 32 24
33 90 23 28
33 91 28 93
33 92 35 51
33 93 48 48
33 94 35 31
33 95 13 41
33 96 45 86
33 97 14 78
33 98 17 56
33 99 48 22
33 100 20 75
34 35 26 57
34 36 15 52
34 37 49 37
34 38 14 54
34 39 41 51
34 40 34 66
34 41 33 52
34 42 28 38
34 43 40 69
34 44 13 85
34 45 40 46
34 46 23 74
34 47 39 97
34 48 29 44
34 49 14 46
34 50 30 52
34 51 33 73
34 52 10 96
34 53 16 42
34 54 32 35
34 55 34 46
34 56 14 41
34 57 49 65
34 58 44 100
34 59 40 49
34 60 27 61
34 61 50 56
34 62 37 72
34 63 31 77
34 64 35 98
34 65 42 30
34 66 33 49
34 67 47 45
34 68 48 59
34 69 42 77
34 70 20 76
34 71 17 41
34 72 27 78
34 73 22 47
34 74 12 70
34 75 45 66
34 76 33 43
34 77 12 69
34 78 18 43
34 79 41 75
34 80 27 25
34 81 27 72
34 82 15 99
34 83 16 29
34 84 22 40
34 85 30 38
34 86 44 22
34 87 48 74
34 88 42 76
34 89 19 59
34 90 18 76
34 91 49 56
34 92 33 91
34 93 10 60
34 94 26 52
34 95 21 85
34 96 28 81
34 97 31 97
34 98 23 46
34 99 43 25
34 100 26 62
35 36 16 30
35 37 26 30
35 38 28 71
35 39 36 87
35 40 46 56
35 41 50 23
35 42 23 22
35 43 26 51
35 44 19 35
35 45 32 35
35 46 28 24
35 47 39 27
35 48 23 29
35 49 27 98
35 50 12 59
35 51 12 90
35 52 30 86
35 53 37 38
35 54 26 28
35 55 10 44
35 56 11 81
35 57 35 54
35 58 34 86
35 59 39 56
35 60 46 100
35 61 24 65
35 62 26 24
35 63 22 93
35 64 37 34
35 65 37 84
35 66 29 38
35 67 29 77
35 68 41 37
35 69 28 85
35 70 29 92
35 71 14 94
35 72 30 53
35 73 48 22
35 74 13 43
35 75 15 64
35 76 10 71
35 77 15 51
35 78 43 51
35 79 15 30
35 80 22 25
35 81 10 99
35 82 13 40
35 83 32 68
35 84 28 86
35 85 15 82
35 86 36 28
35 87 48 87
35 88 30 20
35 89 20 88
35 90 33 60
35 91 27 42
35 92 41 70
35 93 35 84
35 94 30 81
35 95 28 46
35 96 15 38
35 97 17 34
35 98 24 91
35 99 40 51
35 100 45 40
36 37 42 35
36 38 10 79
36 39 25 53
36 40 15 33
36 41 37 58
36 42 23 74
36 43 46 93
36 44 15 88
36 45 24 99
36 46 30 48
36 47 45 56
36 48 24 92
36 49 47 64
36 50 37 63
36 51 29 68
36 52 22 75
36 53 39 87
36 54 32 41
36 55 11 78
36 56 45 48
36 57 23 57
36 58 37 100
36 59 46 40
36 60 18 97
36 61 36 54
36 62 34 50
36 63 17 100
36 64 49 62
36 65 44 25
36 66 17 90
36 67 14 64
36 68 17 44
36 69 31 21
36 70 34 59
36 71 39 73
36 72 41 42
36 73 12 84
36 74 19 51
36 75 42 49
36 76 21 48
36 77 36 40
36 78 13 90
36 79 26 32
36 80 17 78
36 81 44 74
36 82 26 82
36 83 47 72
36 84 22 23
36 85 19 30
36 86 26 27
36 87 40 60
36 88 36 35
36 89 40 32
36 90 26 91
36 91 47 80
36 92 44 63
36 93 38 57
36 94 15 60
36 95 48 31
36 96 17 53
36 97 12 33
36 98 18 34
36 99 16 29
36 100 25 62
37 38 34 87
37 39 38 35
37 40 22 64
37 41 43 79
37 42 49 43
37 43 48 39
37 44 24 93
37 45 30 36
37 46 22 100
37 47 34 34
37 48 16 58
37 49 39 99
37 50 42 35
37 51 12 64
37 52 45 69
37 53 20 70
37 54 24 89
37 55 32 24
37 56 25 68
37 57 30 20
37 58 30 69
37 59 24 67
37 60 16 79
37 61 37 41
37 62 18 53
37 63 20 97
37 64 12 22
37 65 32 46
37 66 29 37
37 67 48 50
37 68 14 52
37 69 25 61
37 70 27 86
37 71 42 28
37 72 24 73
37 73 44 49
37 74 48 46
37 75 43 75
37 76 41 82
37 77 10 78
37 78 44 21
37 79 23 91
37 80 28 70
37 81 45 74
37 82 47 67
37 83 35 93
37 84 48 98
37 85 14 100
37 86 34 27
37 87 25 57
37 88 49 93
37 89 30 79
37 90 31 74
37 91 39 28
37 92 50 23
37 93 42 64
37 94 25 90
37 95 24 23
37 96 24 22
37 97 18 100
37 98 24 95
37 99 16 87
37 100 28 54
38 39 31 38
38 40 35 98
38 41 31 63
38 42 38 35
38 43 26 89
38 44 47 60
38 45 42 54
38 46 28 65
38 47 39 51
38 48 29 32
38 49 27 66
38 50 17 26
38 51 42 64
38 52 42 53
38 53 28 70
38 54 24 58
38 55 17 98
38 56 29 93
38 57 43 44
38 58 44 56
38 59 19 34
38 60 10 71
38 61 33 85
38 62 15 72
38 63 12 47
38 64 19 67
38 65 20 55
38 66 10 33
38 67 39 90
38 68 45 52
38 69 32 79
38 70 12 33
38 71 35 63
38 72 14 29
38 73 21 30
38 74 34 20
38 75 41 90
38 76 13 40
38 77 50 22
38 78 19 99
38 79 47 59
38 80 16 95
38 81 35 53
38 82 35 21
38 83 35 83
38 84 46 42
38 85 13 68
38 86 35 96
38 87 28 69
38 88 46 59
38 89 39 71
38 90 28 71
38 91 46 51
38 92 40 89
38 93 50 40
38 94 27 62
38 95 32 79
38 96 35 69
38 97 19 96
38 98 25 59
38 99 30 90
38 100 23 75
39 40 48 64
39 41 10 25
39 42 47 40
39 43 29 97
39 44 30 82
39 45 18 93
39 46 26 54
39 47 46 35
39 48 19 66
39 49 33 92
39 50 42 39
39 51 38 76
39 52 12 74
39 53 48 89
39 54 37 38
39 55 17 48
39 56 50 25
39 57 43 55
39 58 34 77
39 59 41 73
39 60 44 82
39 61 36 98
39 62 21 94
39 63 20 84
39 64 11 64
39 65 41 92
39 66 25 83
39 67 43 95
39 68 30 91
39 69 43 94
39 70 14 26
39 71 45 27
39 72 36 35
39 73 48 86
39 74 18 73
39 75 14 71
39 76 10 44
39 77 38 73
39 78 39 26
39 79 33 33
39 80 45 47
39 81 22 55
39 82 43 23
39 83 22 50
39 84 14 54
39 85 27 72
39 86 36 49
39 87 21 84
39 88 44 100
39 89 14 64
39 90 10 80
39 91 41 72
39 92 16 78
39 93 12 55
39 94 25 31
39 95 15 47
39 96 23 100
39 97 34 24
39 98 47 77
39 99 14 23
39 100 17 61
40 41 32 34
40 42 23 63
40 43 48 80
40 44 46 38
40 45 36 23
40 46 11 33
40 47 45 72
40 48 38 29
40 49 20 87
40 50 37 54
40 51 15 79
40 52 31 44
40 53 33 93
40 54 34 80
40 55 34 24
40 56 18 86
40 57 48 21
40 58 13 70
40 59 45 75
40 60 39 83
40 61 23 96
40 62 42 87
40 63 37 24
40 64 29 93
40 65 31 96
40 66 29 44
40 67 44 78
40 68 12 92
40 69 49 59
40 70 40 23
40 71 18 84
40 72 17 67
40 73 27 32
40 74 36 99
40 75 12 78
40 76 29 43
40 77 39 31
40 78 21 82
40 79 46 92
40 80 15 76
40 81 30 64
40 82 19 90
40 83 42 53
40 84 33 70
40 85 28 65
40 86 48 91
40 87 20 86
40 88 40 22
40 89 40 52
40 90 29 62
40 91 10 64
40 92 35 78
40 93 33 53
40 94 15 59
40 95 45 78
40 96 10 38
40 97 45 81
40 98 46 72
40 99 15 40
40 100 10 88
41 42 11 25
41 43 30 75
41 44 16 98
41 45 19 83
41 46 40 90
41 47 37 72
41 48 12 31
41 49 29 92
41 50 40 29
41 51 22 30
41 52 42 20
41 53 29 59
41 54 15 92
41 55 48 77
41 56 32 22
41 57 21 23
41 58 19 85
41 59 26 32
41 60 43 37
41 61 35 43
41 62 20 20
41 63 25 77
41 64 14 60
41 65 50 33
41 66 10 85
41 67 49 43
41 68 41 38
41 69 16 39
41 70 34 69
41 71 32 77
41 72 48 26
41 73 34 63
41 74 18 62
41 75 46 36
41 76 46 52
41 77 44 81
41 78 19 43
41 79 26 56
41 80 47 61
41 81 28 59
41 82 30 59
41 83 35 67
41 84 35 43
41 85 35 40
41 86 31 55
41 87 48 34
41 88 21 83
41 89 12 84
41 90 17 93
41 91 42 91
41 92 25 28
41 93 50 61
41 94 35 96
41 95 47 73
41 96 13 74
41 97 36 75
41 98 18 35
41 99 42 47
41 100 43 35
42 43 42 96
42 44 41 59
42 45 27 52
42 46 41 80
42 47 11 81
42 48 26 53
42 49 21 66
42 50 38 44
42 51 11 73
42 52 36 85
42 53 36 41
42 54 29 67
42 55 12 39
42 56 37 20
42 57 16 97
42 58 19 46
42 59 37 61
42 60 22 88
42 61 41 50
42 62 43 94
42 63 12 39
42 64 38 34
42 65 42 82
42 66 36 23
42 67 49 98
42 68 50 67
42 69 20 38
42 70 15 38
42 71 11 24
42 72 50 98
42 73 15 69
42 74 50 65
42 75 17 27
42 76 35 80
42 77 30 87
42 78 22 25
42 79 16 54
42 80 43 95
42 81 50 82
42 82 19 68
42 83 19 28
42 84 15 92
42 85 29 28
42 86 21 92
42 87 30 73
42 88 19 39
42 89 15 39
42 90 12 66
42 91 33 66
42 92 48 50
42 93 31 61
42 94 15 48
42 95 49 48
42 96 27 90
42 97 21 34
42 98 16 27
42 99 12 61
42 100 11 69
43 44 43 83
43 45 10 94
43 46 26 26
43 47 19 36
43 48 18 100
43 49 32 98
43 50 41 41
43 51 35 77
43 52 26 30
43 53 45 55
43 54 34 22
43 55 29 24
43 56 40 45
43 57 31 81
43 58 13 36
43 59 25 29
43 60 27 85
43 61 48 81
43 62 31 52
43 63 31 56
43 64 37 66
43 65 33 30
43 66 45 60
43 67 43 49
43 68 21 61
43 69 31 29
43 70 38 75
43 71 36 85
43 72 28 93
43 73 38 35
43 74 20 59
43 75 30 81
43 76 18 96
43 77 10 86
43 78 24 81
43 79 44 43
43 80 17 69
43 81 25 43
43 82 21 74
43 83 22 93
43 84 30 64
43 85 33 39
43 86 46 66
43 87 39 57
43 88 22 83
43 89 23 93
43 90 19 90
43 91 24 70
43 92 35 24
43 93 23 27
43 94 22 20
43 95 18 44
43 96 40 42
43 97 27 46
43 98 10 90
43 99 19 63
43 100 45 66
44 45 39 37
44 46 27 85
44 47 24 24
44 48 48 90
44 49 46 64
44 50 16 36
44 51 34 91
44 52 22 53
44 53 35 56
44 54 44 50
44 55 37 99
44 56 47 64
44 57 33 55
44 58 16 40
44 59 22 73
44 60 43 32
44 61 45 34
44 62 25 60
44 63 20 86
44 64 15 34
44 65 33 57
44 66 41 43
44 67 38 62
44 68 16 70
44 69 46 39
44 70 31 77
44 71 26 43
44 72 23 39
44 73 42 38
44 74 31 98
44 75 11 90
44 76 49 88
44 77 49 82
44 78 16 48
44 79 37 33
44 80 23 78
44 81 15 72
44 82 47 29
44 83 28 55
44 84 36 36
44 85 14 53
44 86 45 61
44 87 13 95
44 88 46 25
44 89 34 49
44 90 13 78
44 91 48 31
44 92 40 60
44 93 50 78
44 94 32 78
44 95 33 77
44 96 48 53
44 97 50 86
44 98 34 56
44 99 50 25
44 100 29 53
45 46 14 70
45 47 25 44
45 48 18 49
45 49 33 85
45 50 46 34
45 51 27 87
45 52 43 24
45 53 13 66
45 54 27 100
45 55 18 23
45 56 11 24
45 57 26 54
45 58 37 87
45 59 24 92
45 60 30 83
45 61 17 80
45 62 32 44
45 63 46 44
45 64 36 69
45 65 12 56
45 66 46 47
45 67 49 22
45 68 12 84
45 69 38 76
45 70 12 79
45 71 27 59
45 72 17 49
45 73 49 47
45 74 24 68
45 75 11 94
45 76 24 84
45 77 31 39
45 78 24 72
45 79 39 48
45 80 11 71
45 81 45 88
45 82 50 20
45 83 12 27
45 84 46 31
45 85 31 28
45 86 43 30
45 87 47 28
45 88 25 83
45 89 26 79
45 90 26 88
45 91 26 95
45 92 44 98
45 93 26 64
45 94 32 86
45 95 14 61
45 96 35 63
45 97 18 37
45 98 33 88
45 99 14 88
45 100 35 71
46 47 33 67
46 48 45 94
46 49 11 60
46 50 21 45
46 51 10 49
46 52 35 97
46 53 20 49
46 54 26 84
46 55 34 89
46 56 19 24
46 57 39 67
46 58 44 93
46 59 31 57
46 60 48 73
46 61 39 43
46 62 45 44
46 63 22 47
46 64 10 70
46 65 18 32
46 66 25 37
46 67 27 67
46 68 11 87
46 69 39 29
46 70 34 80
46 71 48 30
46 72 38 23
46 73 13 91
46 74 30 67
46 75 27 91
46 76 41 96
46 77 24 77
46 78 22 93
46 79 38 100
46 80 50 75
46 81 41 34
46 82 45 57
46 83 32 35
46 84 34 72
46 85 17 70
46 86 11 66
46 87 40 77
46 88 37 68
46 89 13 69
46 90 17 37
46 91 32 25
46 92 28 39
46 93 26 88
46 94 15 68
46 95 41 63
46 96 47 52
46 97 37 29
46 98 43 64
46 99 14 86
46 100 31 60
47 48 28 60
47 49 25 81
47 50 40 93
47 51 21 41
47 52 24 58
47 53 21 61
47 54 14 96
47 55 27 88
47 56 41 30
47 57 23 93
47 58 11 33
47 59 46 69
47 60 31 91
47 61 34 95
47 62 32 28
47 63 40 58
47 64 35 49
47 65 14 27
47 66 23 42
47 67 28 53
47 68 36 29
47 69 20 71
47 70 32 57
47 71 32 94
47 72 44 60
47 73 39 68
47 74 36 48
47 75 48 98
47 76 48 65
47 77 39 33
47 78 12 77
47 79 44 48
47 80 26 98
47 81 21 83
47 82 41 97
47 83 16 72
47 84 16 58
47 85 35 99
47 86 18 83
47 87 44 84
47 88 11 54
47 89 38 52
47 90 22 75
47 91 22 81
47 92 37 47
47 93 41 41
47 94 15 38
47 95 38 25
47 96 35 66
47 97 37 98
47 98 12 77
47 99 15 52
47 100 38 34
48 49 11 70
48 50 22 93
48 51 30 76
48 52 38 90
48 53 21 48
48 54 22 83
48 55 29 41
48 56 50 67
48 57 31 51
48 58 26 40
48 59 11 85
48 60 24 28
48 61 22 59
48 62 36 35
48 63 23 51
48 64 31 38
48 65 23 40
48 66 20 59
48 67 14 72
48 68 25 95
48 69 39 77
48 70 26 48
48 71 35 29
48 72 46 20
48 73 33 87
48 74 48 31
48 75 33 49
48 76 43 57
48 77 22 93
48 78 26 84
48 79 20 21
48 80 20 35
48 81 25 22
48 82 18 48
48 83 31 100
48 84 46 78
48 85 11 63
48 86 36 24
48 87 27 86
48 88 39 68
48 89 39 43
48 90 39 87
48 91 25 22
48 92 37 28
48 93 43 86
48 94 41 77
48 95 48 42
48 96 45 41
48 97 44 39
48 98 27 91
48 99 25 93
48 100 26 88
49 50 12 96
49 51 21 57
49 52 32 57
49 53 10 60
49 54 38 95
49 55 29 50
49 56 11 48
49 57 13 42
49 58 40 58
49 59 49 76
49 60 33 45
49 61 10 59
49 62 37 34
49 63 36 99
49 64 35 96
49 65 41 97
49 66 13 63
49 67 29 33
49 68 15 49
49 69 39 32
49 70 27 58
49 71 42 62
49 72 31 30
49 73 22 27
49 74 14 89
49 75 32 30
49 76 41 28
49 77 12 67
49 78 44 52
49 79 34 59
49 80 22 66
49 81 18 44
49 82 47 70
49 83 14 95
49 84 48 89
49 85 38 95
49 86 13 44
49 87 44 23
49 88 26 75
49 89 19 54
49 90 39 41
49 91 29 38
49 92 41 53
49 93 47 71
49 94 41 24
49 95 28 70
49 96 28 58
49 97 22 94
49 98 29 78
49 99 29 23
49 100 39 55
50 51 26 32
50 52 40 67
50 53 22 32
50 54 37 81
50 55 12 66
50 56 13 88
50 57 41 20
50 58 17 44
50 59 26 73
50 60 26 75
50 61 35 83
50 62 25 42
50 63 11 54
50 64 40 60
50 65 47 74
50 66 42 46
50 67 34 70
50 68 14 90
50 69 39 84
50 70 36 51
50 71 21 38
50 72 19 78
50 73 21 60
50 74 40 63
50 75 13 42
50 76 21 30
50 77 21 90
50 78 50 43
50 79 39 79
50 80 31 57
50 81 49 36
50 82 34 37
50 83 32 96
50 84 18 76
50 85 45 80
50 86 22 30
50 87 34 24
50 88 21 91
50 89 21 51
50 90 23 27
50 91 38 98
50 92 10 72
50 93 19 92
50 94 18 48
50 95 43 90
50 96 34 53
50 97 43 85
50 98 29 31
50 99 32 42
50 100 50 100
51 52 37 93
51 53 42 67
51 54 37 99
51 55 16 46
51 56 26 74
51 57 12 38
51 58 23 70
51 59 19 50
51 60 46 99
51 61 34 54
51 62 34 84
51 63 47 40
51 64 33 69
51 65 21 24
51 66 42 93
51 67 10 67
51 68 21 50
51 69 32 49
51 70 30 90
51 71 15 39
51 72 24 60
51 73 33 83
51 74 16 37
51 75 36 27
51 76 46 40
51 77 30 45
51 78 33 45
51 79 46 92
51 80 29 63
51 81 32 22
51 82 38 59
51 83 44 93
51 84 38 40
51 85 38 38
51 86 47 95
51 87 26 85
51 88 47 93
51 89 19 35
51 90 38 55
51 91 26 48
51 92 13 97
51 93 42 47
51 94 47 72
51 95 29 99
51 96 42 52
51 97 30 45
51 98 18 74
51 99 50 64
51 100 28 64
52 53 20 42
52 54 27 100
52 55 18 96
52 56 30 37
52 57 24 66
52 58 14 88
52 59 32 68
52 60 46 58
52 61 33 51
52 62 45 97
52 63 33 88
52 64 23 95
52 65 27 43
52 66 50 70
52 67 21 45
52 68 20 49
52 69 29 56
52 70 44 97
52 71 46 23
52 72 28 77
52 73 43 74
52 74 33 66
52 75 31 35
52 76 47 88
52 77 16 88
52 78 30 61
52 79 37 67
52 80 41 41
52 81 19 31
52 82 48 89
52 83 29 37
52 84 40 52
52 85 34 42
52 86 22 22
52 87 18 89
52 88 37 27
52 89 29 54
52 90 39 80
52 91 30 21
52 92 15 84
52 93 21 34
52 94 43 98
52 95 39 86
52 96 15 98
52 97 36 27
52 98 10 44
52 99 28 74
52 100 40 52
53 54 44 81
53 55 50 52
53 56 36 94
53 57 46 91
53 58 42 53
53 59 47 66
53 60 10 66
53 61 29 46
53 62 15 70
53 63 35 61
53 64 21 46
53 65 24 26
53 66 23 49
53 67 21 30
53 68 29 62
53 69 48 41
53 70 31 87
53 71 40 38
53 72 20 45
53 73 49 29
53 74 44 55
53 75 18 54
53 76 13 91
53 77 18 39
53 78 15 65
53 79 37 94
53 80 40 91
53 81 10 62
53 82 10 87
53 83 18 37
53 84 24 89
53 85 29 24
53 86 33 40
53 87 49 95
53 88 11 59
53 89 41 70
53 90 33 55
53 91 14 79
53 92 41 45
53 93 21 44
53 94 47 21
53 95 24 95
53 96 42 40
53 97 25 24
53 98 41 45
53 99 14 53
53 100 28 86
54 55 22 43
54 56 42 69
54 57 40 74
54 58 16 88
54 59 34 94
54 60 39 51
54 61 34 27
54 62 25 32
54 63 44 76
54 64 43 42
54 65 18 50
54 66 16 76
54 67 42 63
54 68 44 50
54 69 34 98
54 70 29 53
54 71 24 31
54 72 30 38
54 73 50 31
54 74 34 27
54 75 31 93
54 76 22 80
54 77 33 87
54 78 32 73
54 79 39 81
54 80 33 73
54 81 19 34
54 82 44 82
54 83 32 62
54 84 15 34
54 85 19 86
54 86 49 95
54 87 39 92
54 88 26 93
54 89 16 38
54 90 14 32
54 91 27 68
54 92 15 69
54 93 18 94
54 94 27 65
54 95 30 40
54 96 37 50
54 97 19 100
54 98 18 24
54 99 46 59
54 100 18 35
55 56 40 94
55 57 27 49
55 58 29 96
55 59 43 89
55 60 46 95
55 61 18 100
55 62 17 46
55 63 13 73
55 64 16 26
55 65 50 92
55 66 38 77
55 67 18 43
55 68 47 36
55 69 30 43
55 70 19 92
55 71 33 36
55 72 14 58
55 73 20 53
55 74 26 37
55 75 19 57
55 76 16 28
55 77 39 51
55 78 14 21
55 79 14 67
55 80 43 51
55 81 16 46
55 82 29 96
55 83 49 49
55 84 39 53
55 85 32 46
55 86 18 24
55 87 30 51
55 88 12 94
55 89 21 30
55 90 32 24
55 91 35 38
55 92 42 45
55 93 13 39
55 94 45 48
55 95 37 66
55 96 48 97
55 97 19 64
55 98 12 55
55 99 17 23
55 100 40 28
56 57 48 30
56 58 13 25
56 59 37 79
56 60 37 62
56 61 17 22
56 62 28 53
56 63 13 37
56 64 30 85
56 65 18 67
56 66 13 37
56 67 10 74
56 68 30 78
56 69 15 59
56 70 11 24
56 71 38 51
56 72 45 87
56 73 13 85
56 74 36 88
56 75 39 61
56 76 22 96
56 77 46 28
56 78 17 51
56 79 14 52
56 80 43 53
56 81 28 74
56 82 22 57
56 83 41 83
56 84 30 20
56 85 20 68
56 86 13 22
56 87 19 49
56 88 19 26
56 89 46 49
56 90 13 73
56 91 33 91
56 92 41 64
56 93 34 51
56 94 35 75
56 95 10 31
56 96 30 38
56 97 24 52
56 98 11 77
56 99 22 22
56 100 31 25
57 58 26 72
57 59 20 99
57 60 22 29
57 61 31 26
57 62 16 39
57 63 16 67
57 64 44 38
57 65 49 87
57 66 46 47
57 67 38 52
57 68 26 34
57 69 27 100
57 70 15 91
57 71 44 60
57 72 37 22
57 73 15 39
57 74 37 75
57 75 16 71
57 76 10 37
57 77 17 69
57 78 48 46
57 79 36 88
57 80 27 65
57 81 46 22
57 82 46 39
57 83 23 37
57 84 35 70
57 85 33 78
57 86 49 61
57 87 18 37
57 88 23 61
57 89 14 48
57 90 46 99
57 91 47 36
57 92 42 86
57 93 47 99
57 94 20 47
57 95 27 33
57 96 32 44
57 97 24 20
57 98 14 80
57 99 26 70
57 100 40 41
58 59 42 44
58 60 19 25
58 61 39 62
58 62 40 28
58 63 33 51
58 64 48 47
58 65 17 76
58 66 41 71
58 67 45 46
58 68 27 25
58 69 28 84
58 70 29 34
58 71 20 36
58 72 30 41
58 73 24 60
58 74 47 100
58 75 20 86
58 76 31 70
58 77 31 47
58 78 49 53
58 79 18 49
58 80 34 31
58 81 13 40
58 82 31 24
58 83 42 31
58 84 22 26
58 85 30 57
58 86 22 78
58 87 31 68
58 88 43 27
58 89 44 78
58 90 22 88
58 91 10 32
58 92 30 60
58 93 31 93
58 94 39 46
58 95 45 45
58 96 39 52
58 97 12 45
58 98 45 76
58 99 24 27
58 100 23 77
59 60 22 40
59 61 34 64
59 62 43 68
59 63 24 97
59 64 32 54
59 65 31 54
59 66 11 71
59 67 22 86
59 68 45 20
59 69 44 43
59 70 12 79
59 71 29 97
59 72 39 93
59 73 36 26
59 74 38 59
59 75 37 73
59 76 25 56
59 77 37 20
59 78 32 23
59 79 39 53
59 80 15 64
59 81 46 57
59 82 10 58
59 83 18 29
59 84 38 69
59 85 35 57
59 86 15 39
59 87 38 44
59 88 39 92
59 89 50 73
59 90 13 22
59 91 19 27
59 92 23 62
59 93 12 66
59 94 30 70
59 95 29 53
59 96 32 56
59 97 14 66
59 98 11 47
59 99 10 57
59 100 48 91
60 61 43 69
60 62 38 28
60 63 42 51
60 64 21 30
60 65 44 97
60 66 50 70
60 67 34 50
60 68 31 26
60 69 38 93
60 70 16 80
60 71 25 49
60 72 16 77
60 73 34 36
60 74 26 74
60 75 33 69
60 76 25 74
60 77 31 77
60 78 46 99
60 79 16 61
60 80 47 51
60 81 49 49
60 82 14 79
60 83 23 46
60 84 48 69
60 85 29 47
60 86 38 82
60 87 39 74
60 88 39 89
60 89 33 86
60 90 46 49
60 91 40 34
60 92 30 52
60 93 47 73
60 94 28 48
60 95 48 31
60 96 21 48
60 97 33 76
60 98 12 64
60 99 33 53
60 100 12 86
61 62 11 31
61 63 13 61
61 64 32 95
61 65 38 38
61 66 20 45
61 67 12 81
61 68 10 61
61 69 48 35
61 70 28 64
61 71 31 84
61 72 16 58
61 73 11 21
61 74 17 59
61 75 12 29
61 76 19 20
61 77 36 26
61 78 31 76
61 79 23 90
61 80 39 28
61 81 39 67
61 82 39 24
61 83 43 89
61 84 16 90
61 85 25 96
61 86 47 30
61 87 13 91
61 88 43 97
61 89 38 64
61 90 47 40
61 91 12 38
61 92 14 84
61 93 26 63
61 94 50 37
61 95 44 70
61 96 44 40
61 97 14 90
61 98 14 40
61 99 25 60
61 100 13 66
62 63 13 35
62 64 28 64
62 65 46 57
62 66 32 97
62 67 13 71
62 68 35 100
62 69 48 88
62 70 31 45
62 71 33 60
62 72 46 41
62 73 13 35
62 74 38 97
62 75 33 28
62 76 35 47
62 77 23 96
62 78 31 98
62 79 47 67
62 80 33 91
62 81 44 58
62 82 16 38
62 83 48 34
62 84 48 72
62 85 41 84
62 86 15 71
62 87 29 70
62 88 19 85
62 89 25 87
62 90 44 53
62 91 31 100
62 92 49 69
62 93 35 78
62 94 28 95
62 95 25 63
62 96 17 73
62 97 13 91
62 98 32 21
62 99 21 86
62 100 33 31
63 64 34 79
63 65 32 39
63 66 35 39
63 67 16 59
63 68 42 92
63 69 33 68
63 70 31 23
63 71 36 57
63 72 31 31
63 73 46 67
63 74 33 38
63 75 14 33
63 76 36 73
63 77 30 48
63 78 27 31
63 79 25 26
63 80 24 20
63 81 42 73
63 82 27 70
63 83 50 42
63 84 50 62
63 85 19 65
63 86 40 75
63 87 48 24
63 88 48 87
63 89 45 45
63 90 14 86
63 91 11 79
63 92 15 50
63 93 18 75
63 94 37 91
63 95 48 74
63 96 29 41
63 97 20 47
63 98 35 34
63 99 40 21
63 100 24 95
64 65 13 95
64 66 28 44
64 67 35 30
64 68 28 51
64 69 49 79
64 70 19 20
64 71 24 48
64 72 20 67
64 73 30 23
64 74 32 76
64 75 48 40
64 76 30 44
64 77 14 97
64 78 46 43
64 79 21 41
64 80 27 92
64 81 15 40
64 82 11 71
64 83 18 70
64 84 30 38
64 85 50 58
64 86 40 60
64 87 21 28
64 88 45 56
64 89 46 79
64 90 34 86
64 91 21 34
64 92 24 77
64 93 50 54
64 94 26 83
64 95 25 75
64 96 35 74
64 97 15 61
64 98 48 20
64 99 50 30
64 100 25 79
65 66 43 32
65 67 50 30
65 68 23 99
65 69 30 27
65 70 14 72
65 71 43 30
65 72 22 79
65 73 24 28
65 74 40 32
65 75 31 54
65 76 18 54
65 77 24 52
65 78 30 25
65 79 24 81
65 80 32 51
65 81 43 24
65 82 21 67
65 83 28 29
65 84 50 51
65 85 42 36
65 86 40 67
65 87 33 75
65 88 30 25
65 89 13 84
65 90 19 43
65 91 27 50
65 92 39 79
65 93 28 25
65 94 13 95
65 95 38 27
65 96 17 58
65 97 28 69
65 98 29 79
65 99 46 38
65 100 42 53
66 67 39 94
66 68 48 37
66 69 36 28
66 70 45 45
66 71 26 52
66 72 40 69
66 73 15 24
66 74 34 54
66 75 19 31
66 76 11 53
66 77 38 72
66 78 49 74
66 79 43 99
66 80 18 37
66 81 10 25
66 82 24 31
66 83 38 73
66 84 41 92
66 85 12 67
66 86 12 26
66 87 21 25
66 88 27 81
66 89 38 64
66 90 50 56
66 91 37 65
66 92 22 48
66 93 16 95
66 94 16 22
66 95 41 94
66 96 34 46
66 97 38 95
66 98 16 76
66 99 35 94
66 100 32 23
67 68 24 64
67 69 18 47
67 70 23 46
67 71 32 98
67 72 33 29
67 73 27 26
67 74 16 24
67 75 40 39
67 76 27 45
67 77 11 82
67 78 48 89
67 79 49 58
67 80 25 57
67 81 24 39
67 82 17 77
67 83 16 70
67 84 43 41
67 85 30 20
67 86 49 35
67 87 44 32
67 88 50 88
67 89 42 68
67 90 19 94
67 91 19 90
67 92 28 91
67 93 11 42
67 94 27 64
67 95 33 53
67 96 42 80
67 97 33 45
67 98 21 57
67 99 29 59
67 100 14 78
68 69 32 71
68 70 31 26
68 71 46 67
68 72 48 28
68 73 15 37
68 74 20 41
68 75 46 91
68 76 38 85
68 77 49 22
68 78 15 78
68 79 14 53
68 80 29 39
68 81 25 88
68 82 14 91
68 83 15 84
68 84 30 28
68 85 37 50
68 86 35 51
68 87 18 100
68 88 17 81
68 89 28 54
68 90 50 70
68 91 10 21
68 92 17 68
68 93 16 83
68 94 36 80
68 95 46 78
68 96 38 39
68 97 34 60
68 98 42 23
68 99 41 53
68 100 21 53
69 70 19 21
69 71 39 68
69 72 23 66
69 73 29 21
69 74 33 44
69 75 23 50
69 76 38 61
69 77 41 43
69 78 29 46
69 79 35 100
69 80 50 31
69 81 17 43
69 82 39 29
69 83 20 71
69 84 17 48
69 85 42 91
69 86 33 26
69 87 35 32
69 88 20 92
69 89 13 35
69 90 30 98
69 91 44 66
69 92 41 97
69 93 48 68
69 94 16 30
69 95 10 43
69 96 17 30
69 97 41 56
69 98 30 51
69 99 41 68
69 100 16 59
70 71 46 73
70 72 41 87
70 73 46 24
70 74 40 69
70 75 34 22
70 76 43 37
70 77 32 39
70 78 47 24
70 79 47 62
70 80 13 100
70 81 19 44
70 82 17 66
70 83 24 70
70 84 14 93
70 85 40 43
70 86 10 44
70 87 14 86
70 88 47 91
70 89 23 23
70 90 46 77
70 91 39 22
70 92 14 54
70 93 39 75
70 94 42 94
70 95 38 83
70 96 14 75
70 97 28 86
70 98 27 32
70 99 23 88
70 100 12 22
71 72 17 52
71 73 28 61
71 74 33 31
71 75 23 26
71 76 48 46
71 77 27 54
71 78 13 71
71 79 39 50
71 80 32 72
71 81 47 100
71 82 30 22
71 83 11 91
71 84 14 32
71 85 14 69
71 86 35 71
71 87 40 78
71 88 22 94
71 89 14 36
71 90 16 30
71 91 25 64
71 92 15 97
71 93 13 73
71 94 46 43
71 95 26 44
71 96 10 90
71 97 15 95
71 98 46 39
71 99 22 96
71 100 22 100
72 73 21 80
72 74 21 25
72 75 29 53
72 76 14 22
72 77 45 24
72 78 19 73
72 79 21 99
72 80 50 39
72 81 27 52
72 82 49 21
72 83 50 39
72 84 29 59
72 85 13 92
72 86 34 35
72 87 18 84
72 88 33 35
72 89 43 87
72 90 48 57
72 91 48 77
72 92 30 45
72 93 50 88
72 94 36 79
72 95 26 38
72 96 36 90
72 97 17 90
72 98 14 51
72 99 15 20
72 100 39 96
73 74 41 47
73 75 21 91
73 76 25 47
73 77 19 31
73 78 28 65
73 79 11 25
73 80 43 22
73 81 36 94
73 82 23 20
73 83 21 63
73 84 35 84
73 85 12 47
73 86 28 24
73 87 47 80
73 88 20 34
73 89 24 78
73 90 44 26
73 91 13 91
73 92 26 28
73 93 48 34
73 94 24 74
73 95 19 77
73 96 47 66
73 97 35 62
73 98 45 90
73 99 36 78
73 100 31 53
74 75 28 89
74 76 48 95
74 77 26 39
74 78 18 34
74 79 19 36
74 80 30 33
74 81 43 100
74 82 29 46
74 83 16 49
74 84 22 38
74 85 49 24
74 86 24 68
74 87 19 54
74 88 31 30
74 89 30 51
74 90 42 66
74 91 50 69
74 92 20 82
74 93 28 59
74 94 31 36
74 95 26 68
74 96 41 62
74 97 31 92
74 98 16 92
74 99 31 55
74 100 40 98
75 76 17 23
75 77 17 49
75 78 38 84
75 79 28 66
75 80 50 44
75 81 27 32
75 82 15 54
75 83 15 64
75 84 14 75
75 85 33 94
75 86 50 95
75 87 20 23
75 88 30 45
75 89 50 61
75 90 16 56
75 91 28 34
75 92 30 43
75 93 27 62
75 94 11 93
75 95 30 98
75 96 16 54
75 97 19 29
75 98 42 85
75 99 32 32
75 100 41 78
76 77 37 65
76 78 42 37
76 79 35 48
76 80 28 64
76 81 38 99
76 82 25 54
76 83 24 81
76 84 35 36
76 85 20 67
76 86 41 84
76 87 44 79
76 88 26 24
76 89 29 53
76 90 21 80
76 91 16 21
76 92 41 93
76 93 11 47
76 94 24 21
76 95 47 39
76 96 19 62
76 97 24 96
76 98 20 78
76 99 30 43
76 100 49 51
77 78 41 55
77 79 47 28
77 80 29 75
77 81 34 67
77 82 14 78
77 83 38 59
77 84 36 40
77 85 48 80
77 86 48 66
77 87 47 47
77 88 19 37
77 89 30 47
77 90 34 100
77 91 45 60
77 92 26 21
77 93 29 79
77 94 32 75
77 95 10 73
77 96 19 93
77 97 38 64
77 98 17 22
77 99 14 28
77 100 31 39
78 79 24 77
78 80 10 69
78 81 48 44
78 82 14 37
78 83 10 67
78 84 16 47
78 85 49 65
78 86 46 77
78 87 23 65
78 88 40 29
78 89 22 42
78 90 25 46
78 91 34 25
78 92 29 74
78 93 11 20
78 94 45 41
78 95 43 91
78 96 14 36
78 97 46 33
78 98 13 40
78 99 40 84
78 100 20 50
79 80 46 51
79 81 13 35
79 82 33 86
79 83 26 28
79 84 30 38
79 85 12 29
79 86 23 49
79 87 41 74
79 88 11 58
79 89 10 59
79 90 49 53
79 91 10 80
79 92 38 39
79 93 49 85
79 94 33 43
79 95 46 88
79 96 38 70
79 97 28 70
79 98 15 50
79 99 27 71
79 100 23 50
80 81 50 93
80 82 47 65
80 83 26 76
80 84 32 100
80 85 32 86
80 86 13 54
80 87 46 48
80 88 50 94
80 89 35 56
80 90 41 27
80 91 13 88
80 92 40 99
80 93 37 35
80 94 31 77
80 95 39 34
80 96 48 33
80 97 32 67
80 98 38 50
80 99 31 73
80 100 50 21
81 82 36 25
81 83 33 85
81 84 44 55
81 85 18 42
81 86 32 33
81 87 32 50
81 88 15 94
81 89 50 54
81 90 16 96
81 91 36 47
81 92 20 24
81 93 25 48
81 94 21 97
81 95 16 98
81 96 48 62
81 97 43 53
81 98 13 96
81 99 20 40
81 100 39 60
82 83 48 56
82 84 47 83
82 85 31 44
82 86 13 72
82 87 15 53
82 88 11 88
82 89 25 61
82 90 43 45
82 91 48 43
82 92 34 61
82 93 42 63
82 94 16 43
82 95 24 99
82 96 15 24
82 97 26 36
82 98 40 97
82 99 45 95
82 100 26 54
83 84 40 88
83 85 12 67
83 86 35 62
83 87 28 56
83 88 13 94
83 89 45 55
83 90 41 64
83 91 16 68
83 92 41 100
83 93 46 45
83 94 42 46
83 95 16 84
83 96 37 82
83 97 31 34
83 98 34 36
83 99 18 98
83 100 29 68
84 85 42 26
84 86 29 92
84 87 17 80
84 88 34 83
84 89 16 37
84 90 22 23
84 91 19 30
84 92 20 98
84 93 47 37
84 94 35 90
84 95 43 46
84 96 13 54
84 97 22 100
84 98 27 27
84 99 36 96
84 100 31 21
85 86 38 90
85 87 40 75
85 88 11 68
85 89 20 47
85 90 10 61
85 91 43 34
85 92 13 72
85 93 26 37
85 94 41 25
85 95 32 50
85 96 30 72
85 97 32 100
85 98 29 53
85 99 41 86
85 100 10 33
86 87 43 68
86 88 42 49
86 89 30 96
86 90 27 59
86 91 24 66
86 92 36 99
86 93 39 63
86 94 38 100
86 95 25 90
86 96 43 37
86 97 26 96
86 98 46 57
86 99 30 23
86 100 15 23
87 88 30 37
87 89 23 83
87 90 35 27
87 91 42 74
87 92 50 38
87 93 31 28
87 94 10 72
87 95 35 100
87 96 37 35
87 97 49 57
87 98 28 74
87 99 26 97
87 100 27 67
88 89 38 65
88 90 31 70
88 91 40 95
88 92 21 89
88 93 34 65
88 94 44 28
88 95 28 72
88 96 16 42
88 97 24 32
88 98 46 60
88 99 19 92
88 100 15 43
89 90 49 26
89 91 43 67
89 92 39 62
89 93 28 25
89 94 30 61
89 95 16 100
89 96 12 44
89 97 50 76
89 98 46 47
89 99 35 96
89 100 27 79
90 91 11 31
90 92 31 92
90 93 35 67
90 94 36 44
90 95 40 43
90 96 17 22
90 97 21 25
90 98 20 50
90 99 46 78
90 100 24 82
91 92 41 76
91 93 29 67
91 94 27 48
91 95 14 36
91 96 50 28
91 97 36 99
91 98 39 68
91 99 34 48
91 100 25 51
92 93 11 37
92 94 15 93
92 95 26 78
92 96 30 65
92 97 24 22
92 98 39 53
92 99 32 80
92 100 15 86
93 94 49 71
93 95 33 27
93 96 28 79
93 97 10 44
93 98 34 90
93 99 49 24
93 100 28 43
94 95 46 36
94 96 37 37
94 97 49 27
94 98 19 40
94 99 46 80
94 100 12 74
95 96 48 76
95 97 35 83
95 98 36 37
95 99 30 67
95 100 17 70
96 97 35 24
96 98 28 81
96 99 47 37
96 100 41 48
97 98 43 63
97 99 41 44
97 100 39 75
98 99 33 40
98 100 45 59
99 100 23 81