50
1
80000000000000
10
1
18
20
36
37
39
40
42
46
47
6
6
16
17
28
29
45
1 2 24 73
1 3 40 60
1 4 38 74
1 5 15 63
1 6 49 72
1 7 38 58
1 8 45 94
1 9 18 32
1 10 33 21
1 11 27 99
1 12 21 94
1 13 48 78
1 14 13 70
1 15 22 34
1 16 36 62
1 17 18 62
1 18 34 96
1 19 13 24
1 20 14 68
1 21 26 82
1 22 22 35
1 23 13 27
1 24 44 27
1 25 14 87
1 26 38 55
1 27 30 71
1 28 35 38
1 29 16 72
1 30 20 92
1 31 36 100
1 32 42 91
1 33 48 49
1 34 48 73
1 35 11 64
1 36 33 40
1 37 10 65
1 38 15 96
1 39 23 79
1 40 50 66
1 41 42 59
1 42 38 65
1 43 45 36
1 44 16 66
1 45 24 63
1 46 15 36
1 47 21 48
1 48 39 48
1 49 11 86
1 50 16 20
2 3 33 90
2 4 16 39
2 5 48 28
2 6 24 34
2 7 28 34
2 8 42 31
2 9 10 86
2 10 15 73
2 11 18 20
2 12 14 78
2 13 49 92
2 14 41 35
2 15 32 62
2 16 15 73
2 17 50 87
2 18 29 65
2 19 38 65
2 20 13 67
2 21 29 26
2 22 28 66
2 23 31 27
2 24 41 52
2 25 16 57
2 26 36 42
2 27 20 81
2 28 30 49
2 29 20 25
2 30 10 48
2 31 42 58
2 32 20 97
2 33 10 98
2 34 14 41
2 35 34 22
2 36 22 58
2 37 24 22
2 38 43 53
2 39 25 69
2 40 36 36
2 41 12 40
2 42 22 33
2 43 39 58
2 44 20 83
2 45 45 77
2 46 11 98
2 47 17 90
2 48 46 58
2 49 10 22
2 50 32 38
3 4 28 30
3 5 24 86
3 6 16 76
3 7 14 31
3 8 20 27
3 9 34 91
3 10 26 33
3 11 19 71
3 12 48 85
3 13 43 67
3 14 37 52
3 15 25 57
3 16 23 37
3 17 10 42
3 18 20 68
3 19 38 59
3 20 40 80
3 21 17 36
3 22 35 81
3 23 33 72
3 24 21 53
3 25 23 87
3 26 20 97
3 27 23 94
3 28 27 43
3 29 32 93
3 30 17 66
3 31 17 91
3 32 20 63
3 33 31 66
3 34 19 73
3 35 18 85
3 36 27 43
3 37 24 55
3 38 16 41
3 39 44 83
3 40 16 46
3 41 20 44
3 42 13 21
3 43 45 63
3 44 38 69
3 45 36 33
3 46 37 20
3 47 26 71
3 48 38 56
3 49 29 24
3 50 25 73
4 5 22 55
4 6 18 77
4 7 33 25
4 8 42 31
4 9 15 56
4 10 24 20
4 11 29 57
4 12 16 63
4 13 21 79
4 14 31 69
4 15 48 39
4 16 26 37
4 17 44 20
4 18 36 82
4 19 26 90
4 20 38 46
4 21 23 30
4 22 41 48
4 23 43 60
4 24 33 35
4 25 32 32
4 26 36 52
4 27 15 88
4 28 18 81
4 29 17 49
4 30 45 36
4 31 38 77
4 32 36 57
4 33 19 75
4 34 46 54
4 35 33 72
4 36 26 49
4 37 33 55
4 38 48 82
4 39 49 52
4 40 36 92
4 41 46 37
4 42 28 84
4 43 15 83
4 44 21 38
4 45 41 73
4 46 43 60
4 47 37 86
4 48 37 42
4 49 37 70
4 50 12 40
5 6 26 44
5 7 26 37
5 8 26 96
5 9 10 27
5 10 39 47
5 11 36 85
5 12 33 43
5 13 32 32
5 14 40 93
5 15 35 39
5 16 21 82
5 17 39 72
5 18 18 36
5 19 25 55
5 20 43 23
5 21 15 86
5 22 43 32
5 23 14 98
5 24 19 82
5 25 27 78
5 26 12 44
5 27 27 76
5 28 12 89
5 29 40 46
5 30 50 100
5 31 13 33
5 32 15 93
5 33 10 97
5 34 23 48
5 35 22 41
5 36 36 87
5 37 37 95
5 38 22 51
5 39 23 50
5 40 22 76
5 41 28 34
5 42 35 76
5 43 50 67
5 44 45 86
5 45 31 51
5 46 33 83
5 47 34 77
5 48 40 56
5 49 11 53
5 50 16 94
6 7 32 31
6 8 23 39
6 9 42 33
6 10 16 29
6 11 17 35
6 12 10 40
6 13 15 30
6 14 46 43
6 15 41 69
6 16 36 21
6 17 19 46
6 18 35 70
6 19 34 83
6 20 36 44
6 21 31 52
6 22 25 88
6 23 22 70
6 24 23 92
6 25 41 56
6 26 27 51
6 27 11 86
6 28 26 48
6 29 33 26
6 30 48 92
6 31 15 55
6 32 47 42
6 33 37 79
6 34 50 22
6 35 36 20
6 36 46 71
6 37 15 74
6 38 11 24
6 39 33 93
6 40 22 46
6 41 28 20
6 42 49 65
6 43 12 57
6 44 18 90
6 45 20 87
6 46 38 55
6 47 36 62
6 48 20 29
6 49 13 54
6 50 35 46
7 8 41 56
7 9 36 80
7 10 45 38
7 11 21 74
7 12 48 36
7 13 17 37
7 14 21 69
7 15 16 89
7 16 50 97
7 17 25 91
7 18 19 78
7 19 28 42
7 20 28 34
7 21 21 91
7 22 22 45
7 23 38 70
7 24 17 91
7 25 50 77
7 26 19 100
7 27 50 44
7 28 19 21
7 29 14 91
7 30 32 41
7 31 38 27
7 32 25 37
7 33 40 83
7 34 25 69
7 35 20 43
7 36 29 89
7 37 44 99
7 38 22 20
7 39 48 65
7 40 34 81
7 41 26 72
7 42 40 91
7 43 15 51
7 44 45 67
7 45 40 56
7 46 34 24
7 47 39 50
7 48 13 75
7 49 47 75
7 50 12 73
8 9 22 58
8 10 20 36
8 11 40 100
8 12 32 92
8 13 40 92
8 14 10 90
8 15 10 92
8 16 48 40
8 17 24 79
8 18 21 59
8 19 39 81
8 20 29 25
8 21 46 62
8 22 12 96
8 23 41 76
8 24 20 43
8 25 20 54
8 26 14 71
8 27 12 20
8 28 22 35
8 29 28 96
8 30 39 30
8 31 10 85
8 32 17 49
8 33 40 55
8 34 13 24
8 35 28 35
8 36 42 68
8 37 10 63
8 38 42 72
8 39 27 80
8 40 21 20
8 41 30 43
8 42 34 81
8 43 34 27
8 44 13 93
8 45 35 51
8 46 24 79
8 47 26 66
8 48 21 47
8 49 33 96
8 50 25 43
9 10 17 25
9 11 19 58
9 12 10 81
9 13 16 90
9 14 31 48
9 15 14 48
9 16 45 93
9 17 10 82
9 18 44 59
9 19 43 23
9 20 44 44
9 21 27 91
9 22 32 74
9 23 26 53
9 24 39 82
9 25 32 66
9 26 38 30
9 27 49 76
9 28 20 56
9 29 44 57
9 30 17 30
9 31 35 100
9 32 13 58
9 33 16 48
9 34 12 62
9 35 25 26
9 36 27 34
9 37 12 57
9 38 35 82
9 39 42 29
9 40 35 20
9 41 21 95
9 42 27 75
9 43 28 38
9 44 37 38
9 45 49 28
9 46 31 37
9 47 19 35
9 48 36 59
9 49 12 36
9 50 37 75
10 11 18 81
10 12 41 74
10 13 12 42
10 14 35 28
10 15 36 76
10 16 45 88
10 17 48 51
10 18 32 41
10 19 20 22
10 20 15 35
10 21 44 64
10 22 49 60
10 23 24 88
10 24 38 48
10 25 33 77
10 26 39 91
10 27 37 98
10 28 46 78
10 29 44 77
10 30 41 48
10 31 14 39
10 32 41 100
10 33 38 21
10 34 45 30
10 35 14 49
10 36 40 83
10 37 35 82
10 38 40 29
10 39 13 59
10 40 17 75
10 41 34 99
10 42 47 42
10 43 44 30
10 44 38 84
10 45 42 89
10 46 36 63
10 47 13 43
10 48 11 41
10 49 47 96
10 50 39 88
11 12 41 36
11 13 11 65
11 14 38 53
11 15 27 99
11 16 29 46
11 17 12 60
11 18 31 66
11 19 20 86
11 20 30 86
11 21 22 67
11 22 45 29
11 23 17 39
11 24 15 77
11 25 24 86
11 26 16 83
11 27 16 51
11 28 29 84
11 29 26 66
11 30 16 99
11 31 25 21
11 32 10 62
11 33 13 47
11 34 23 50
11 35 17 42
11 36 25 78
11 37 21 75
11 38 37 60
11 39 29 96
11 40 27 20
11 41 37 65
11 42 17 23
11 43 40 96
11 44 21 89
11 45 42 46
11 46 50 85
11 47 40 40
11 48 29 26
11 49 37 31
11 50 45 78
12 13 48 97
12 14 43 55
12 15 39 67
12 16 17 24
12 17 46 93
12 18 15 32
12 19 33 43
12 20 26 85
12 21 34 56
12 22 16 71
12 23 26 24
12 24 50 49
12 25 21 94
12 26 11 27
12 27 29 44
12 28 23 71
12 29 44 78
12 30 30 59
12 31 43 46
12 32 20 92
12 33 38 52
12 34 22 96
12 35 38 94
12 36 44 47
12 37 15 68
12 38 37 38
12 39 43 71
12 40 33 47
12 41 23 25
12 42 22 86
12 43 21 83
12 44 15 46
12 45 30 67
12 46 49 40
12 47 16 37
12 48 30 31
12 49 23 42
12 50 29 32
13 14 30 51
13 15 31 32
13 16 39 75
13 17 37 84
13 18 19 93
13 19 16 88
13 20 20 77
13 21 17 23
13 22 11 43
13 23 18 75
13 24 11 74
13 25 16 32
13 26 33 61
13 27 38 34
13 28 24 58
13 29 48 26
13 30 38 75
13 31 11 56
13 32 31 60
13 33 28 35
13 34 31 37
13 35 34 95
13 36 49 86
13 37 44 60
13 38 36 60
13 39 25 100
13 40 24 35
13 41 13 48
13 42 33 78
13 43 50 72
13 44 49 69
13 45 30 22
13 46 45 29
13 47 13 31
13 48 45 77
13 49 48 63
13 50 32 67
14 15 29 56
14 16 18 35
14 17 29 60
14 18 34 20
14 19 45 97
14 20 32 62
14 21 49 91
14 22 33 84
14 23 46 40
14 24 24 95
14 25 46 71
14 26 33 61
14 27 50 82
14 28 11 98
14 29 11 71
14 30 15 55
14 31 40 67
14 32 35 53
14 33 11 22
14 34 39 72
14 35 21 76
14 36 46 81
14 37 44 94
14 38 15 62
14 39 33 81
14 40 11 97
14 41 17 20
14 42 13 56
14 43 34 61
14 44 10 62
14 45 17 55
14 46 19 32
14 47 31 22
14 48 24 67
14 49 13 49
14 50 23 73
15 16 45 80
15 17 43 74
15 18 46 72
15 19 43 27
15 20 11 46
15 21 37 24
15 22 36 91
15 23 38 83
15 24 43 55
15 25 23 55
15 26 28 54
15 27 13 42
15 28 31 67
15 29 44 57
15 30 35 83
15 31 37 42
15 32 17 61
15 33 16 43
15 34 12 22
15 35 28 69
15 36 43 31
15 37 43 45
15 38 43 45
15 39 48 93
15 40 46 55
15 41 49 27
15 42 38 41
15 43 35 51
15 44 40 94
15 45 38 34
15 46 40 39
15 47 50 97
15 48 25 91
15 49 24 66
15 50 50 57
16 17 14 34
16 18 34 79
16 19 44 26
16 20 31 40
16 21 39 77
16 22 47 75
16 23 16 42
16 24 28 54
16 25 45 35
16 26 13 46
16 27 30 61
16 28 30 50
16 29 31 97
16 30 37 53
16 31 40 69
16 32 32 54
16 33 32 64
16 34 42 100
16 35 10 68
16 36 15 59
16 37 18 88
16 38 10 34
16 39 13 56
16 40 10 67
16 41 26 79
16 42 40 44
16 43 12 52
16 44 18 58
16 45 40 93
16 46 18 89
16 47 18 57
16 48 50 25
16 49 16 88
16 50 15 64
17 18 19 43
17 19 21 62
17 20 38 27
17 21 33 34
17 22 34 43
17 23 14 75
17 24 20 34
17 25 33 33
17 26 37 77
17 27 23 73
17 28 44 74
17 29 30 20
17 30 16 44
17 31 23 54
17 32 42 28
17 33 33 47
17 34 38 80
17 35 49 52
17 36 46 27
17 37 35 20
17 38 48 63
17 39 27 96
17 40 19 27
17 41 32 20
17 42 24 24
17 43 47 78
17 44 38 81
17 45 27 77
17 46 19 25
17 47 50 86
17 48 23 41
17 49 50 70
17 50 19 50
18 19 22 66
18 20 42 100
18 21 49 37
18 22 15 81
18 23 15 37
18 24 17 67
18 25 42 45
18 26 25 89
18 27 16 65
18 28 25 39
18 29 42 72
18 30 29 100
18 31 18 31
18 32 16 25
18 33 29 81
18 34 39 66
18 35 22 84
18 36 15 61
18 37 35 76
18 38 38 39
18 39 24 53
18 40 10 96
18 41 29 66
18 42 30 90
18 43 29 80
18 44 17 61
18 45 47 56
18 46 41 88
18 47 36 29
18 48 43 61
18 49 31 51
18 50 32 99
19 20 50 94
19 21 31 28
19 22 49 90
19 23 18 38
19 24 25 44
19 25 39 94
19 26 36 29
19 27 11 79
19 28 38 94
19 29 37 27
19 30 43 63
19 31 17 85
19 32 32 47
19 33 33 47
19 34 33 70
19 35 34 68
19 36 23 61
19 37 26 36
19 38 43 25
19 39 22 54
19 40 35 49
19 41 44 38
19 42 11 90
19 43 50 34
19 44 18 83
19 45 25 69
19 46 45 63
19 47 15 79
19 48 11 41
19 49 43 86
19 50 31 83
20 21 25 58
20 22 27 53
20 23 40 37
20 24 46 26
20 25 25 67
20 26 10 100
20 27 38 58
20 28 43 62
20 29 38 39
20 30 22 62
20 31 22 47
20 32 27 90
20 33 15 88
20 34 38 21
20 35 24 40
20 36 21 63
20 37 28 31
20 38 43 99
20 39 22 88
20 40 19 38
20 41 32 60
20 42 42 25
20 43 24 54
20 44 13 56
20 45 38 30
20 46 16 50
20 47 47 75
20 48 31 99
20 49 32 80
20 50 13 82
21 22 30 89
21 23 15 66
21 24 41 55
21 25 50 53
21 26 37 63
21 27 47 26
21 28 13 73
21 29 20 49
21 30 34 81
21 31 19 52
21 32 29 25
21 33 28 31
21 34 19 89
21 35 11 88
21 36 46 92
21 37 17 73
21 38 17 58
21 39 50 84
21 40 14 89
21 41 34 68
21 42 48 80
21 43 25 30
21 44 14 40
21 45 40 22
21 46 47 43
21 47 17 31
21 48 25 36
21 49 32 57
21 50 13 26
22 23 27 23
22 24 11 59
22 25 32 63
22 26 30 73
22 27 18 32
22 28 20 37
22 29 23 73
22 30 21 91
22 31 25 78
22 32 39 72
22 33 45 97
22 34 28 64
22 35 23 80
22 36 15 28
22 37 48 83
22 38 10 40
22 39 11 75
22 40 48 94
22 41 42 35
22 42 48 85
22 43 26 25
22 44 20 92
22 45 15 93
22 46 32 89
22 47 10 88
22 48 19 87
22 49 45 88
22 50 34 22
23 24 47 32
23 25 41 46
23 26 14 83
23 27 39 98
23 28 34 29
23 29 11 84
23 30 31 23
23 31 48 82
23 32 19 71
23 33 36 96
23 34 36 78
23 35 37 69
23 36 44 56
23 37 16 70
23 38 44 49
23 39 50 58
23 40 34 45
23 41 45 97
23 42 15 56
23 43 27 84
23 44 16 30
23 45 35 47
23 46 35 32
23 47 18 80
23 48 33 36
23 49 27 63
23 50 11 65
24 25 24 50
24 26 46 42
24 27 41 94
24 28 45 58
24 29 12 30
24 30 47 86
24 31 20 20
24 32 37 64
24 33 30 40
24 34 16 39
24 35 29 89
24 36 23 99
24 37 12 97
24 38 12 72
24 39 17 88
24 40 14 68
24 41 37 34
24 42 49 90
24 43 37 25
24 44 10 45
24 45 16 26
24 46 42 47
24 47 39 62
24 48 44 24
24 49 46 83
24 50 34 85
25 26 28 74
25 27 28 48
25 28 23 44
25 29 13 72
25 30 36 47
25 31 14 21
25 32 50 67
25 33 18 78
25 34 46 98
25 35 41 70
25 36 36 80
25 37 44 20
25 38 22 41
25 39 39 55
25 40 32 23
25 41 46 73
25 42 34 32
25 43 33 43
25 44 19 40
25 45 36 53
25 46 41 57
25 47 37 21
25 48 12 24
25 49 49 68
25 50 20 44
26 27 23 82
26 28 31 75
26 29 31 89
26 30 49 46
26 31 43 91
26 32 16 22
26 33 31 75
26 34 15 51
26 35 44 58
26 36 44 99
26 37 34 37
26 38 14 98
26 39 49 92
26 40 47 72
26 41 27 81
26 42 15 57
26 43 36 95
26 44 46 41
26 45 29 45
26 46 42 48
26 47 17 66
26 48 33 62
26 49 19 41
26 50 25 100
27 28 14 39
27 29 34 92
27 30 20 34
27 31 35 34
27 32 43 63
27 33 50 61
27 34 25 60
27 35 18 24
27 36 27 36
27 37 25 59
27 38 23 38
27 39 32 55
27 40 48 91
27 41 20 23
27 42 32 95
27 43 15 22
27 44 41 50
27 45 35 36
27 46 12 35
27 47 27 27
27 48 34 59
27 49 16 96
27 50 39 39
28 29 27 83
28 30 15 69
28 31 49 88
28 32 39 66
28 33 21 31
28 34 35 69
28 35 42 23
28 36 43 24
28 37 24 57
28 38 31 99
28 39 35 100
28 40 16 29
28 41 28 85
28 42 43 57
28 43 32 57
28 44 35 89
28 45 22 68
28 46 16 96
28 47 24 57
28 48 45 56
28 49 36 87
28 50 45 21
29 30 10 20
29 31 20 58
29 32 11 93
29 33 35 51
29 34 20 99
29 35 13 27
29 36 31 39
29 37 46 76
29 38 42 52
29 39 45 30
29 40 28 49
29 41 43 40
29 42 42 73
29 43 24 88
29 44 36 75
29 45 18 65
29 46 30 60
29 47 31 51
29 48 20 82
29 49 11 52
29 50 41 75
30 31 42 22
30 32 45 72
30 33 40 77
30 34 20 35
30 35 26 28
30 36 21 31
30 37 27 25
30 38 34 62
30 39 29 72
30 40 46 89
30 41 11 44
30 42 12 29
30 43 48 49
30 44 26 91
30 45 10 72
30 46 47 54
30 47 44 30
30 48 37 30
30 49 33 92
30 50 30 25
31 32 10 44
31 33 36 57
31 34 19 52
31 35 18 26
31 36 36 98
31 37 28 77
31 38 32 91
31 39 34 99
31 40 17 59
31 41 41 94
31 42 28 58
31 43 13 61
31 44 37 57
31 45 42 54
31 46 19 21
31 47 13 97
31 48 40 52
31 49 49 54
31 50 33 44
32 33 43 60
32 34 43 74
32 35 32 62
32 36 38 42
32 37 41 67
32 38 15 65
32 39 11 50
32 40 11 77
32 41 47 71
32 42 35 48
32 43 50 58
32 44 38 78
32 45 42 87
32 46 49 36
32 47 36 77
32 48 14 84
32 49 11 50
32 50 37 64
33 34 10 78
33 35 10 78
33 36 34 41
33 37 37 81
33 38 21 70
33 39 11 22
33 40 24 46
33 41 26 23
33 42 33 48
33 43 12 88
33 44 25 59
33 45 47 51
33 46 47 86
33 47 12 61
33 48 46 52
33 49 12 59
33 50 20 48
34 35 34 29
34 36 48 27
34 37 18 81
34 38 18 24
34 39 18 99
34 40 38 32
34 41 18 44
34 42 18 67
34 43 25 52
34 44 36 71
34 45 39 52
34 46 35 28
34 47 41 55
34 48 50 43
34 49 46 80
34 50 49 30
35 36 12 72
35 37 21 75
35 38 45 44
35 39 37 44
35 40 29 60
35 41 11 53
35 42 49 93
35 43 10 20
35 44 48 48
35 45 10 65
35 46 50 93
35 47 34 72
35 48 18 36
35 49 14 70
35 50 41 87
36 37 50 42
36 38 33 52
36 39 10 32
36 40 24 68
36 41 34 73
36 42 48 38
36 43 13 56
36 44 48 51
36 45 30 80
36 46 22 37
36 47 41 71
36 48 14 40
36 49 20 48
36 50 34 69
37 38 42 76
37 39 34 66
37 40 34 63
37 41 41 67
37 42 23 49
37 43 40 94
37 44 43 89
37 45 31 84
37 46 36 71
37 47 49 56
37 48 48 71
37 49 24 47
37 50 42 71
38 39 15 48
38 40 32 29
38 41 32 25
38 42 48 34
38 43 29 32
38 44 37 35
38 45 46 84
38 46 36 40
38 47 33 93
38 48 24 57
38 49 28 49
38 50 31 83
39 40 38 48
39 41 47 74
39 42 12 86
39 43 32 84
39 44 39 98
39 45 30 83
39 46 16 65
39 47 26 89
39 48 11 40
39 49 20 49
39 50 38 81
40 41 10 95
40 42 34 61
40 43 22 50
40 44 21 79
40 45 42 57
40 46 32 83
40 47 50 94
40 48 22 80
40 49 30 92
40 50 34 64
41 42 18 92
41 43 27 77
41 44 39 97
41 45 42 67
41 46 27 32
41 47 48 45
41 48 28 93
41 49 35 69
41 50 35 32
42 43 32 83
42 44 37 33
42 45 25 69
42 46 17 27
42 47 39 63
42 48 28 82
42 49 48 27
42 50 26 76
43 44 50 22
43 45 43 65
43 46 22 54
43 47 23 97
43 48 28 70
43 49 20 82
43 50 14 84
44 45 32 63
44 46 23 22
44 47 29 52
44 48 42 64
44 49 28 46
44 50 23 21
45 46 29 73
45 47 44 60
45 48 40 27
45 49 37 38
45 50 22 88
46 47 23 55
46 48 18 42
46 49 29 56
46 50 43 48
47 48 18 90
47 49 18 30
47 50 32 50
48 49 46 73
48 50 11 88
49 50 23 42